hour,id,score,comments,best_rank
0,42415122,378,83,
0,42415298,91,48,
0,42415386,382,158,
0,42415637,279,59,
0,42415654,43,14,
0,42415857,175,155,
0,42415875,117,68,
0,42415953,71,19,
0,42416230,189,41,
0,42416258,215,51,
0,42416281,36,36,
0,42416556,145,46,
0,42416681,106,13,
0,42416812,102,28,
0,42417056,57,36,
0,42417330,229,84,
0,42417357,515,86,
0,42417409,10,1,
0,42417478,326,172,
0,42417480,173,304,
0,42417857,342,49,
0,42418063,8,0,
0,42418114,28,1,
0,42418264,163,163,
0,42418309,122,14,
0,42418445,42,1,
0,42418675,147,21,
0,42418982,216,57,
0,42419036,118,43,
0,42419224,168,114,
0,42419469,438,224,
0,42420091,92,131,
0,42420138,136,173,
0,42420139,42,10,
0,42420352,1013,677,
0,42421387,29,1,
0,42421392,51,33,
0,42421689,193,38,
0,42421824,107,69,
0,42421835,35,34,
0,42422077,253,154,
0,42422113,27,4,
0,42422138,38,7,
0,42422548,41,7,
0,42422703,81,18,
0,42422942,166,17,
0,42423253,286,66,
0,42423282,49,27,
0,42423409,719,192,
0,42423753,40,11,
0,42423880,19,2,
0,42423988,117,48,
0,42424370,207,62,
0,42424508,268,89,
0,42424879,119,31,
0,42424904,240,71,
0,42425000,17,2,
0,42425038,127,83,
0,42425139,162,45,
0,42425268,52,25,
0,42425339,309,143,
0,42425398,379,438,
0,42425489,47,8,
0,42425770,232,99,
0,42426284,711,102,
0,42426337,93,39,
0,42426412,29,13,
0,42426589,283,94,
0,42427132,325,732,
0,42427169,191,71,
0,42427428,85,66,
0,42427812,8,0,
0,42427826,97,49,
0,42427888,833,262,
0,42427916,143,65,
0,42428162,118,115,
0,42428179,171,72,
0,42428256,98,90,
0,42428290,151,202,
0,42428332,35,11,
0,42428722,94,13,
0,42429045,212,363,
0,42429197,252,137,
0,42429600,48,22,
0,42429606,413,206,
0,42429646,62,113,
0,42429672,116,27,
0,42430024,109,27,
0,42430080,80,38,
0,42430109,37,10,
0,42430184,206,176,
0,42430265,93,26,
0,42430296,37,34,
0,42430317,94,104,
0,42430450,681,572,
0,42430804,53,7,
0,42431046,135,66,
0,42431090,345,393,
0,42431103,523,978,
0,42431186,305,112,
0,42431299,16,3,
0,42431361,107,74,
0,42432004,182,71,
0,42432151,558,326,
0,42432374,244,146,
0,42432494,111,203,
0,42432631,60,29,
0,42432730,353,147,
0,42432736,112,144,
0,42432867,354,129,
0,42432914,582,323,
0,42432979,97,16,
0,42433044,787,543,
0,42433152,63,77,
0,42433199,175,65,
0,42433205,185,249,
0,42433404,58,18,
0,42433609,102,54,
0,42433734,38,29,
0,42433807,29,5,
0,42434232,23,26,
0,42434331,70,13,
0,42434440,44,8,
0,42434769,143,9,
0,42434947,287,211,
0,42435099,168,7,
0,42435127,82,25,
0,42435254,15,4,
0,42435267,51,12,
0,42435282,36,8,
0,42435531,7,1,
0,42435620,179,137,
0,42435688,23,3,
0,42435972,557,299,
0,42436097,117,125,
0,42436440,199,52,
0,42436556,8,6,
0,42436570,88,85,
0,42436589,44,2,
0,42436783,188,54,
0,42437070,75,18,
0,42437201,153,100,
0,42437400,44,21,
0,42437697,76,37,
0,42437828,53,5,
0,42437974,9,2,
0,42438063,132,83,
0,42438175,367,419,
0,42438449,147,22,
0,42438767,298,46,
0,42438918,97,14,
0,42438966,26,5,
0,42439143,28,2,
0,42439456,31,22,
0,42439582,16,2,
0,42439654,30,44,
0,42439897,13,1,
0,42439956,312,121,
0,42440016,183,31,
0,42440121,58,3,
0,42440185,66,24,
0,42440496,167,27,
0,42440723,15,0,
0,42440767,190,70,
0,42440886,536,267,
0,42440922,199,108,
0,42440930,20,2,
0,42441258,215,61,
0,42441333,720,264,
0,42441502,272,319,
0,42441609,113,128,28
0,42441772,117,43,
0,42442054,18,0,
0,42442104,11,1,
0,42442354,403,78,
0,42442812,197,47,
0,42442820,11,0,
0,42442852,77,41,10
0,42443022,121,45,
0,42443210,29,5,29
0,42443229,3079,250,
0,42443406,163,197,
0,42443456,24,47,
0,42443737,27,14,
0,42443870,104,27,
0,42443987,109,104,
0,42444083,31,4,
0,42444535,22,1,
0,42444718,28,42,
0,42444817,165,360,
0,42444820,56,7,
0,42444821,30,4,
0,42444830,34,16,
0,42444856,108,8,
0,42444924,37,9,
0,42445037,639,648,
0,42445102,60,20,
0,42445239,110,24,
0,42445328,71,94,
0,42445508,183,46,
0,42445636,38,1,
0,42445820,17,26,
0,42445834,174,137,
0,42446153,18,2,
0,42446686,341,545,
0,42446846,269,62,
0,42446889,132,66,
0,42446980,11,12,
0,42447012,139,57,
0,42447053,223,49,
0,42447059,94,25,
0,42447071,289,150,
0,42447193,21,39,
0,42447248,12,0,
0,42447332,19,5,
0,42447580,83,9,
0,42447628,40,4,27
0,42447762,166,255,
0,42448184,160,23,
0,42448193,90,28,
0,42448639,24,3,
0,42448654,14,5,
0,42448913,169,42,
0,42448939,266,288,
0,42449026,11,1,
0,42449102,42,47,
0,42449363,75,7,
0,42449424,243,116,
0,42449497,330,64,
0,42449588,157,91,
0,42449602,287,305,
0,42449647,59,32,
0,42449823,57,6,
0,42449915,30,44,
0,42449951,73,16,
0,42450051,33,15,
0,42450213,66,113,
0,42450221,327,331,
0,42450223,58,2,
0,42450227,164,47,
0,42450232,96,7,
0,42450274,36,21,
0,42450389,39,31,
0,42450413,446,1334,
0,42450487,8,1,
0,42450811,11,9,
0,42450913,55,16,
0,42450950,244,129,
0,42450963,82,79,
0,42450969,11,1,
0,42451010,44,3,
0,42451130,172,240,
0,42451135,151,105,14
0,42451409,58,14,
0,42451447,12,2,
0,42451568,21,0,
0,42451640,9,4,19
0,42451707,164,75,
0,42451968,62,27,11
0,42452057,3,0,
0,42452285,62,44,
0,42452344,10,2,
0,42452358,99,26,
0,42452527,41,81,
0,42452640,38,14,2
0,42452983,3,0,
0,42453031,8,0,
0,42453036,8,11,
0,42453207,669,556,
0,42453341,530,373,
0,42453431,96,18,
0,42453650,55,14,
0,42453660,358,317,
0,42453743,53,49,
0,42453939,166,43,
0,42453996,9,0,
0,42454132,14,0,
0,42454139,44,29,
0,42454359,673,256,
0,42454405,327,305,
0,42454411,7,0,
0,42454421,5,0,
0,42454454,73,11,
0,42454481,7,0,
0,42454586,205,65,
0,42454723,67,55,
0,42454904,27,6,
0,42454929,396,329,
0,42454934,92,64,
0,42455214,19,12,
0,42455809,25,4,
0,42455992,54,35,
0,42456071,12,0,
0,42456109,6,0,
0,42456310,191,163,
0,42456339,5,1,
0,42456397,24,47,
0,42456417,44,9,30
0,42456492,51,33,5
0,42456574,23,10,
0,42456585,165,78,
0,42456707,59,2,
0,42456715,100,26,
0,42456802,47,2,
0,42456998,45,22,
0,42457055,56,20,
0,42457178,141,139,
0,42457182,152,129,
0,42457186,10,1,
0,42457213,203,49,
0,42457282,13,9,
0,42457295,3,0,
0,42457321,206,51,
0,42457383,22,11,
0,42457436,129,135,
0,42457515,133,101,
0,42457539,3,0,
0,42457673,5,4,
0,42457712,149,30,
0,42457782,157,23,
0,42457787,16,6,
0,42457816,176,37,
0,42457820,41,7,
0,42458066,12,11,
0,42458429,56,31,
0,42458431,408,521,
0,42458599,164,105,
0,42458752,297,352,
0,42458861,12,1,
0,42460008,14,2,
0,42460107,16,3,
0,42460131,41,23,
0,42460132,84,78,
0,42460217,63,29,26
0,42460494,76,5,
0,42460748,18,4,
0,42461258,14,0,
0,42461260,3,0,
0,42461264,198,186,
0,42461512,4,0,
0,42461530,554,368,
0,42461688,575,178,
0,42461860,104,9,
0,42461964,95,55,
0,42462078,29,11,21
0,42462189,10,6,
0,42462348,76,37,
0,42462354,106,16,
0,42462804,3,0,
0,42462863,23,10,
0,42463123,424,82,
0,42463170,41,39,
0,42463295,110,115,
0,42463315,338,73,
0,42463525,138,79,
0,42463943,19,3,
0,42464033,7,3,
0,42464138,92,83,
0,42464185,15,21,
0,42464310,211,83,
0,42464557,195,57,
0,42464559,35,0,
0,42464679,132,259,
0,42464850,4,1,
0,42464966,154,160,
0,42465109,85,26,
0,42465168,3,0,
0,42465378,210,94,
0,42465535,263,202,
0,42465610,68,64,
0,42466507,28,2,
0,42466676,388,119,
0,42467194,872,270,
0,42467236,57,52,
0,42467250,15,1,
0,42467308,51,55,
0,42467375,295,243,
0,42467449,67,33,
0,42467937,44,30,24
0,42468111,7,1,18
0,42468214,353,32,
0,42468318,509,99,
0,42468362,61,55,
0,42468461,9,6,
0,42468554,10,11,12
0,42468594,51,19,
0,42468664,28,17,
0,42469074,524,116,
0,42469264,176,461,
0,42469560,60,12,
0,42469945,4,0,
0,42469964,6,1,
0,42470040,136,63,
0,42470202,163,134,
0,42470238,25,4,
0,42470254,16,24,17
0,42470541,581,102,
0,42470700,12,1,
0,42471329,15,2,
0,42471654,4,5,
0,42471861,63,23,
0,42471913,291,65,
0,42471927,150,61,
0,42471933,55,5,
0,42472247,184,324,
0,42472384,31,14,20
0,42472473,10,0,
0,42472519,65,14,7
0,42472617,14,1,
0,42472621,11,2,
0,42472828,41,24,
0,42472847,16,3,
0,42473032,503,267,
0,42473282,30,2,
0,42473321,1595,1604,
0,42473834,31,6,
0,42474004,6,0,
0,42474022,5,0,
0,42474458,70,16,
0,42474943,7,0,
0,42475011,113,54,
0,42475123,32,6,
0,42475228,202,111,
0,42475489,9,0,
0,42475526,59,30,
0,42475703,228,34,
0,42475798,55,19,16
0,42476185,8,2,
0,42476192,274,129,
0,42476209,39,6,
0,42476240,7,3,
0,42476828,448,132,12
0,42476876,51,9,3
0,42476906,5,0,
0,42477281,15,2,
0,42477463,7,1,
0,42477534,29,3,
0,42477564,48,40,
0,42478414,27,3,
0,42478430,22,9,
0,42478654,24,20,
0,42478728,94,45,
0,42478811,5,0,
0,42478897,24,62,
0,42478911,26,2,
0,42478962,46,32,
0,42479014,3,0,
0,42479133,5,0,
0,42479233,301,132,4
0,42479327,23,0,
0,42479345,13,8,
0,42479510,8,4,
0,42479537,4,0,
0,42479592,7,1,
0,42479610,7,0,
0,42479736,7,0,
0,42479866,158,35,25
0,42480035,8,0,
0,42480072,4,0,
0,42480081,7,0,
0,42480083,6,2,
0,42480105,223,116,13
0,42480184,14,0,
0,42480227,5,0,
0,42480291,7,0,
0,42480359,5,0,
0,42480519,5,0,
0,42480535,4,0,
0,42480617,15,2,
0,42480624,125,71,9
0,42480700,5,0,
0,42480706,37,36,
0,42480790,5,4,
0,42480817,3,0,
0,42480828,4,3,
0,42480885,28,6,
0,42480991,5,0,
0,42481017,4,1,
0,42481136,7,1,
0,42481206,81,9,6
0,42481249,34,15,15
0,42481385,26,3,
0,42481413,8,0,
0,42481478,4,2,
0,42481609,6,0,
0,42481612,88,49,2
0,42481659,79,35,21
0,42481668,10,1,19
0,42481714,4,0,
0,42481813,18,0,17
0,42481900,6,0,
0,42481922,6,1,
0,42481982,25,9,
0,42482080,8,1,
0,42482085,5,0,
0,42482195,5,0,
0,42482289,3,0,26
0,42482509,12,1,
0,42482635,9,1,8
0,42482684,18,8,23
0,42482708,12,2,
0,42482829,63,15,1
0,42482881,7,0,
0,42483037,6,3,
0,42483089,3,0,
0,42483175,5,0,8
0,42483239,7,1,
0,42483304,5,3,
0,42483367,4,0,
1,42415122,378,83,
1,42415298,91,48,
1,42415386,382,158,
1,42415637,279,59,
1,42415654,43,14,
1,42415857,175,155,
1,42415875,117,68,
1,42415953,71,19,
1,42416230,189,41,
1,42416258,215,51,
1,42416281,36,36,
1,42416556,145,46,
1,42416681,106,13,
1,42416812,102,28,
1,42417056,57,36,
1,42417330,229,84,
1,42417357,515,86,
1,42417409,10,1,
1,42417478,326,172,
1,42417480,173,304,
1,42417857,342,49,
1,42418063,8,0,
1,42418114,28,1,
1,42418264,163,163,
1,42418309,122,14,
1,42418445,42,1,
1,42418675,147,21,
1,42418982,216,57,
1,42419036,118,43,
1,42419224,168,114,
1,42419469,438,224,
1,42420091,92,131,
1,42420138,136,173,
1,42420139,42,10,
1,42420352,1013,677,
1,42421387,29,1,
1,42421392,51,33,
1,42421689,193,38,
1,42421824,107,69,
1,42421835,35,34,
1,42422077,253,154,
1,42422113,27,4,
1,42422138,38,7,
1,42422548,41,7,
1,42422703,81,18,
1,42422942,166,17,
1,42423253,286,66,
1,42423282,49,27,
1,42423409,720,192,
1,42423753,40,11,
1,42423880,19,2,
1,42423988,117,48,
1,42424370,207,62,
1,42424508,268,89,
1,42424879,119,31,
1,42424904,240,71,
1,42425000,17,2,
1,42425038,127,83,
1,42425139,162,45,
1,42425268,52,25,
1,42425339,309,143,
1,42425398,379,438,
1,42425489,47,8,
1,42425770,232,99,
1,42426284,711,102,
1,42426337,93,39,
1,42426412,29,13,
1,42426589,283,94,
1,42427132,325,732,
1,42427169,191,71,
1,42427428,85,66,
1,42427812,8,0,
1,42427826,97,49,
1,42427888,833,262,
1,42427916,143,65,
1,42428162,118,115,
1,42428179,171,72,
1,42428256,98,90,
1,42428290,151,203,
1,42428332,35,11,
1,42428722,94,13,
1,42429045,212,363,
1,42429197,252,137,
1,42429600,48,22,
1,42429606,413,206,
1,42429646,62,113,
1,42429672,116,27,
1,42430024,109,27,
1,42430080,80,38,
1,42430109,37,10,
1,42430184,206,176,
1,42430265,93,26,
1,42430296,37,34,
1,42430317,94,104,
1,42430450,681,572,
1,42430804,53,7,
1,42431046,135,66,
1,42431090,345,393,
1,42431103,523,978,
1,42431186,305,112,
1,42431299,16,3,
1,42431361,107,74,
1,42432004,182,71,
1,42432151,558,326,
1,42432374,244,146,
1,42432494,111,203,
1,42432631,60,29,
1,42432730,353,147,
1,42432736,113,144,
1,42432867,354,129,
1,42432914,582,323,
1,42432979,97,16,
1,42433044,787,543,
1,42433152,63,77,
1,42433199,175,65,
1,42433205,185,249,
1,42433404,58,18,
1,42433609,102,54,
1,42433734,38,29,
1,42433807,29,5,
1,42434232,23,26,
1,42434331,70,13,
1,42434440,44,8,
1,42434769,143,9,
1,42434947,287,211,
1,42435099,168,7,
1,42435127,82,25,
1,42435254,15,4,
1,42435267,51,12,
1,42435282,36,8,
1,42435531,7,1,
1,42435620,179,137,
1,42435688,23,3,
1,42435972,557,299,
1,42436097,117,125,
1,42436440,199,52,
1,42436556,8,6,
1,42436570,88,85,
1,42436589,44,2,
1,42436783,188,54,
1,42437070,75,18,
1,42437201,154,101,
1,42437400,44,21,
1,42437697,76,37,
1,42437828,53,5,
1,42437974,9,2,
1,42438063,132,83,
1,42438175,367,419,
1,42438449,147,22,
1,42438767,298,46,
1,42438918,97,14,
1,42438966,26,5,
1,42439143,28,2,
1,42439456,31,22,
1,42439582,16,2,
1,42439654,30,50,
1,42439897,13,1,
1,42439956,312,121,
1,42440016,183,31,
1,42440121,58,3,
1,42440185,66,24,
1,42440496,167,27,
1,42440723,15,0,
1,42440767,190,70,
1,42440886,536,267,
1,42440922,199,108,
1,42440930,20,2,
1,42441258,215,61,
1,42441333,720,264,
1,42441502,272,319,
1,42441609,114,129,
1,42441772,117,44,
1,42442054,18,0,
1,42442104,11,1,
1,42442354,403,78,
1,42442812,197,47,
1,42442820,11,0,
1,42442852,87,50,9
1,42443022,121,45,
1,42443210,30,5,
1,42443229,3079,250,
1,42443406,163,197,
1,42443456,24,49,
1,42443737,27,14,
1,42443870,104,27,
1,42443987,109,104,
1,42444083,31,4,
1,42444535,22,1,
1,42444718,28,42,
1,42444817,165,360,
1,42444820,56,7,
1,42444821,30,4,
1,42444830,34,16,
1,42444856,108,8,
1,42444924,37,9,
1,42445037,639,648,
1,42445102,60,21,
1,42445239,110,24,
1,42445328,72,94,
1,42445508,183,46,
1,42445636,38,1,
1,42445834,174,137,
1,42446153,18,2,
1,42446686,344,549,
1,42446846,269,62,
1,42446889,132,66,
1,42446980,11,12,
1,42447012,139,57,
1,42447053,223,49,
1,42447059,94,25,
1,42447071,289,150,
1,42447193,21,39,
1,42447248,12,0,
1,42447332,19,5,
1,42447580,83,9,
1,42447628,41,4,
1,42447762,166,255,
1,42448184,160,23,
1,42448193,90,28,
1,42448639,24,3,
1,42448654,14,5,
1,42448913,169,42,
1,42448939,266,289,
1,42449026,11,1,
1,42449102,42,47,
1,42449363,75,7,
1,42449424,243,116,
1,42449497,331,64,
1,42449588,157,91,
1,42449602,287,305,
1,42449647,59,32,
1,42449823,57,6,
1,42449915,30,47,
1,42449951,73,16,
1,42450051,33,15,
1,42450213,66,114,
1,42450221,328,331,
1,42450223,58,2,
1,42450227,164,47,
1,42450232,96,8,
1,42450274,36,21,
1,42450389,40,31,
1,42450413,446,1334,
1,42450487,8,1,
1,42450811,11,9,
1,42450913,55,16,
1,42450950,244,129,
1,42450963,82,79,
1,42450969,11,1,
1,42451010,44,3,
1,42451130,172,240,
1,42451135,168,117,22
1,42451409,58,14,
1,42451447,12,2,
1,42451640,13,4,21
1,42451707,164,75,
1,42451968,70,43,12
1,42452285,62,44,
1,42452344,10,2,
1,42452358,99,26,
1,42452527,43,84,
1,42452640,66,51,2
1,42452983,3,0,
1,42453031,8,0,
1,42453036,8,11,
1,42453207,669,556,
1,42453341,530,373,
1,42453431,96,18,
1,42453650,55,14,
1,42453660,358,317,
1,42453743,53,49,
1,42453939,166,43,
1,42453996,9,0,
1,42454132,14,0,
1,42454139,44,29,
1,42454359,673,256,
1,42454405,327,305,
1,42454411,7,0,
1,42454421,5,0,
1,42454454,73,11,
1,42454481,7,0,
1,42454586,205,65,
1,42454723,67,55,
1,42454904,27,6,
1,42454929,396,329,
1,42454934,92,64,
1,42455214,19,12,
1,42455809,25,4,
1,42455992,54,35,
1,42456071,12,0,
1,42456109,6,0,
1,42456310,191,163,
1,42456339,5,1,
1,42456397,24,47,
1,42456417,46,9,
1,42456492,65,34,5
1,42456574,23,10,
1,42456585,165,78,
1,42456707,59,2,
1,42456715,100,26,
1,42456802,47,2,
1,42456998,45,22,
1,42457055,56,20,
1,42457178,141,139,
1,42457182,152,129,
1,42457186,10,1,
1,42457213,203,49,
1,42457282,13,9,
1,42457295,3,0,
1,42457321,206,51,
1,42457383,23,11,
1,42457436,129,135,
1,42457515,133,101,
1,42457539,3,0,
1,42457673,5,4,
1,42457712,150,30,
1,42457782,157,23,
1,42457787,16,6,
1,42457816,176,37,
1,42457820,42,7,
1,42458066,12,12,
1,42458429,56,31,
1,42458431,408,521,
1,42458599,164,105,
1,42458752,297,352,
1,42458861,12,1,
1,42460008,14,2,
1,42460107,16,3,
1,42460131,41,23,
1,42460132,84,78,
1,42460217,67,32,28
1,42460494,76,5,
1,42460748,19,4,
1,42461258,14,0,
1,42461260,3,0,
1,42461264,199,186,
1,42461512,4,0,
1,42461530,554,368,
1,42461688,576,178,
1,42461860,104,9,
1,42461964,95,55,
1,42462078,38,14,19
1,42462189,10,6,
1,42462348,76,37,
1,42462354,106,16,
1,42462804,3,0,
1,42462863,23,10,
1,42463123,425,84,
1,42463170,41,39,
1,42463295,110,115,
1,42463315,338,73,
1,42463525,138,79,
1,42463943,19,3,
1,42464033,7,3,
1,42464138,92,84,
1,42464185,15,21,
1,42464310,212,83,
1,42464557,195,57,
1,42464559,35,0,
1,42464679,132,259,
1,42464850,4,1,
1,42464966,154,160,
1,42465109,85,26,
1,42465168,3,0,
1,42465378,210,94,
1,42465535,263,202,
1,42465610,68,64,
1,42466507,29,2,
1,42466676,389,119,
1,42467194,874,270,
1,42467236,57,52,
1,42467250,15,1,
1,42467308,52,56,
1,42467375,295,244,
1,42467449,67,33,
1,42467937,49,30,25
1,42468111,10,2,23
1,42468214,353,32,
1,42468318,509,99,
1,42468362,61,55,
1,42468554,16,13,13
1,42468594,52,19,
1,42468664,28,17,
1,42469074,524,116,
1,42469264,176,461,
1,42469560,61,12,
1,42469945,5,0,
1,42469964,6,1,
1,42470001,8,1,12
1,42470040,138,68,
1,42470202,163,135,
1,42470238,26,4,
1,42470254,17,28,20
1,42470541,586,105,
1,42470700,13,1,
1,42471654,4,5,
1,42471861,63,24,
1,42471913,291,65,
1,42471927,150,61,
1,42471933,55,5,
1,42472247,186,325,
1,42472384,36,16,27
1,42472473,10,0,
1,42472519,69,16,8
1,42472617,14,1,
1,42472828,41,24,
1,42472847,16,3,
1,42473032,503,270,
1,42473282,30,2,
1,42473321,1597,1613,
1,42473834,31,6,
1,42474004,6,0,
1,42474022,5,0,
1,42474458,70,16,
1,42474943,7,0,
1,42475011,113,55,
1,42475228,202,112,
1,42475489,9,0,
1,42475526,59,30,
1,42475703,229,34,
1,42475798,57,19,24
1,42476185,8,2,
1,42476192,274,129,
1,42476209,40,6,
1,42476240,7,3,
1,42476828,461,143,15
1,42476876,54,12,4
1,42476906,5,0,
1,42477226,3,0,
1,42477281,15,2,
1,42477463,7,1,
1,42477534,29,3,
1,42477564,48,40,
1,42477843,3,0,
1,42477882,12,1,
1,42478000,3,0,
1,42478414,27,3,
1,42478430,22,9,
1,42478654,24,20,
1,42478728,94,46,
1,42478811,5,0,
1,42478897,24,63,
1,42478911,29,2,
1,42478962,46,32,
1,42479014,3,0,
1,42479133,5,0,
1,42479233,309,137,4
1,42479327,23,0,
1,42479345,13,8,
1,42479510,8,4,
1,42479537,4,0,
1,42479736,7,0,
1,42479866,159,36,30
1,42480035,8,0,
1,42480072,4,0,
1,42480081,7,0,
1,42480083,6,2,
1,42480105,232,120,24
1,42480184,14,0,
1,42480519,5,0,
1,42480617,15,2,
1,42480624,132,74,10
1,42480700,5,0,
1,42480706,37,36,
1,42480790,5,4,
1,42480817,3,0,
1,42480828,4,3,
1,42480885,28,6,
1,42480991,5,0,
1,42481017,5,1,
1,42481136,7,1,
1,42481206,100,16,3
1,42481249,42,18,14
1,42481385,29,4,
1,42481413,8,0,
1,42481478,4,2,
1,42481609,6,0,
1,42481612,92,49,2
1,42481659,83,37,
1,42481668,27,2,7
1,42481714,4,0,
1,42481813,29,1,11
1,42481816,6,2,
1,42481900,6,1,
1,42481982,25,9,
1,42482080,9,1,
1,42482085,5,0,
1,42482195,5,0,
1,42482289,11,1,15
1,42482509,15,5,
1,42482635,11,1,16
1,42482684,19,8,
1,42482708,14,2,
1,42482829,85,19,1
1,42482881,7,0,
1,42483037,10,3,
1,42483089,3,0,
1,42483175,8,0,10
1,42483239,9,1,
1,42483304,8,5,
1,42483367,6,0,
1,42483677,4,0,
2,42415122,378,83,
2,42415298,91,48,
2,42415386,382,158,
2,42415637,279,59,
2,42415654,43,14,
2,42415857,175,155,
2,42415875,117,68,
2,42415953,71,19,
2,42416230,189,41,
2,42416258,215,51,
2,42416281,36,36,
2,42416556,145,46,
2,42416681,106,13,
2,42416812,102,28,
2,42417056,57,36,
2,42417330,229,84,
2,42417357,515,86,
2,42417409,10,1,
2,42417478,326,172,
2,42417480,173,304,
2,42417857,342,49,
2,42418063,8,0,
2,42418114,28,1,
2,42418264,163,163,
2,42418309,122,14,
2,42418445,42,1,
2,42418675,147,21,
2,42418982,216,57,
2,42419036,118,43,
2,42419224,168,114,
2,42419469,438,224,
2,42420091,92,131,
2,42420138,136,173,
2,42420139,42,10,
2,42420352,1013,677,
2,42421387,29,1,
2,42421392,51,33,
2,42421689,193,38,
2,42421824,107,69,
2,42421835,35,34,
2,42422077,253,154,
2,42422113,27,4,
2,42422138,38,7,
2,42422548,41,7,
2,42422703,81,18,
2,42422942,166,17,
2,42423253,286,66,
2,42423282,49,27,
2,42423409,721,192,
2,42423753,40,11,
2,42423880,19,2,
2,42423988,117,48,
2,42424370,207,62,
2,42424508,268,89,
2,42424879,119,31,
2,42424904,240,71,
2,42425000,17,2,
2,42425038,127,83,
2,42425139,162,45,
2,42425268,52,25,
2,42425339,309,144,
2,42425398,379,438,
2,42425489,47,8,
2,42425770,232,99,
2,42426284,711,102,
2,42426337,93,39,
2,42426412,29,13,
2,42426589,283,94,
2,42427132,325,732,
2,42427169,191,71,
2,42427428,85,66,
2,42427812,8,0,
2,42427826,97,49,
2,42427888,834,262,
2,42427916,143,65,
2,42428162,118,115,
2,42428179,171,72,
2,42428256,98,90,
2,42428290,151,204,
2,42428332,35,11,
2,42428722,94,13,
2,42429045,212,363,
2,42429197,252,137,
2,42429600,48,22,
2,42429606,413,206,
2,42429646,62,113,
2,42429672,116,27,
2,42430024,109,27,
2,42430080,80,38,
2,42430109,37,10,
2,42430184,206,176,
2,42430265,93,26,
2,42430296,37,34,
2,42430317,94,104,
2,42430450,681,572,
2,42430804,53,7,
2,42431046,135,66,
2,42431090,345,393,
2,42431103,524,978,
2,42431186,305,112,
2,42431299,16,3,
2,42431361,107,74,
2,42432004,182,71,
2,42432151,558,326,
2,42432374,245,146,
2,42432494,112,203,
2,42432631,60,29,
2,42432730,353,147,
2,42432736,113,144,
2,42432867,354,129,
2,42432914,582,323,
2,42432979,97,16,
2,42433044,787,543,
2,42433152,63,77,
2,42433199,175,65,
2,42433205,186,249,
2,42433404,58,18,
2,42433609,102,54,
2,42433734,38,29,
2,42433807,29,5,
2,42434232,23,26,
2,42434331,70,13,
2,42434440,44,8,
2,42434769,143,9,
2,42434947,287,211,
2,42435099,168,7,
2,42435127,82,25,
2,42435254,15,4,
2,42435267,51,12,
2,42435282,36,8,
2,42435531,7,1,
2,42435620,179,137,
2,42435688,23,3,
2,42435972,557,299,
2,42436097,117,125,
2,42436440,199,52,
2,42436556,8,6,
2,42436570,88,85,
2,42436589,44,2,
2,42436783,188,54,
2,42437070,75,18,
2,42437201,155,101,
2,42437400,44,21,
2,42437697,76,37,
2,42437828,53,5,
2,42437974,9,2,
2,42438063,132,83,
2,42438175,367,419,
2,42438449,147,22,
2,42438767,298,46,
2,42438918,97,14,
2,42438966,26,5,
2,42439143,28,2,
2,42439456,31,22,
2,42439582,16,2,
2,42439654,30,49,
2,42439897,13,1,
2,42439956,312,121,
2,42440016,183,31,
2,42440121,58,3,
2,42440185,66,24,
2,42440496,167,27,
2,42440723,15,0,
2,42440767,190,70,
2,42440886,537,267,
2,42440922,199,108,
2,42440930,20,2,
2,42441258,215,61,
2,42441333,720,264,
2,42441502,272,319,
2,42441609,116,133,
2,42441772,117,44,
2,42442054,18,0,
2,42442104,11,1,
2,42442354,403,78,
2,42442812,197,47,
2,42442820,11,0,
2,42442852,92,55,17
2,42443022,121,45,
2,42443210,30,5,
2,42443229,3080,250,
2,42443406,163,197,
2,42443456,24,49,
2,42443737,27,14,
2,42443870,104,27,
2,42443987,109,104,
2,42444083,31,4,
2,42444535,22,1,
2,42444718,28,42,
2,42444817,165,360,
2,42444820,56,7,
2,42444821,30,4,
2,42444830,34,16,
2,42444856,108,8,
2,42444924,37,9,
2,42445037,639,649,
2,42445102,60,21,
2,42445239,110,24,
2,42445328,72,94,
2,42445508,183,46,
2,42445636,38,1,
2,42445834,174,137,
2,42446153,18,2,
2,42446686,345,551,
2,42446846,269,62,
2,42446889,132,66,
2,42446980,11,12,
2,42447012,139,57,
2,42447053,223,49,
2,42447059,94,25,
2,42447071,289,150,
2,42447248,12,0,
2,42447332,19,5,
2,42447580,83,9,
2,42447628,41,4,
2,42447762,166,255,
2,42448184,160,23,
2,42448193,91,28,
2,42448639,24,3,
2,42448654,14,5,
2,42448913,169,42,
2,42448939,268,289,
2,42449026,11,1,
2,42449102,42,47,
2,42449363,75,7,
2,42449424,243,116,
2,42449497,331,64,
2,42449588,157,91,
2,42449602,287,305,
2,42449647,59,32,
2,42449823,57,7,
2,42449915,31,47,
2,42449951,73,16,
2,42450051,33,15,
2,42450213,66,114,
2,42450221,330,332,
2,42450223,58,2,
2,42450227,164,47,
2,42450232,96,8,
2,42450274,36,21,
2,42450389,40,32,
2,42450413,447,1334,
2,42450487,8,1,
2,42450811,11,9,
2,42450913,55,16,
2,42450950,244,129,
2,42450963,82,79,
2,42450969,11,1,
2,42451010,44,3,
2,42451130,172,240,
2,42451135,180,132,25
2,42451409,58,14,
2,42451447,12,2,
2,42451640,16,4,22
2,42451707,164,75,
2,42451968,78,53,21
2,42452057,3,0,
2,42452285,63,44,
2,42452344,10,2,
2,42452358,99,26,
2,42452527,43,85,
2,42452640,76,65,16
2,42452983,3,0,
2,42453031,8,0,
2,42453036,8,11,
2,42453207,670,556,
2,42453341,532,374,
2,42453431,96,18,
2,42453650,55,14,
2,42453660,358,317,
2,42453743,53,49,
2,42453939,166,43,
2,42453996,9,0,
2,42454132,14,0,
2,42454139,44,29,
2,42454359,673,256,
2,42454405,328,305,
2,42454411,7,0,
2,42454421,5,0,
2,42454454,73,11,
2,42454481,7,0,
2,42454586,206,65,
2,42454723,67,55,
2,42454904,27,6,
2,42454929,396,329,
2,42454934,92,64,
2,42455214,19,12,
2,42455809,25,4,
2,42455992,54,35,
2,42456071,12,0,
2,42456109,6,0,
2,42456310,191,163,
2,42456339,5,1,
2,42456397,24,47,
2,42456417,50,12,
2,42456492,76,38,5
2,42456574,23,10,
2,42456585,165,78,
2,42456707,59,2,
2,42456715,100,26,
2,42456802,47,2,
2,42456998,45,22,
2,42457055,56,20,
2,42457178,142,139,
2,42457182,152,129,
2,42457186,10,1,
2,42457213,203,49,
2,42457282,13,9,
2,42457295,3,0,
2,42457321,206,51,
2,42457383,24,11,
2,42457436,129,135,
2,42457515,133,101,
2,42457539,3,0,
2,42457673,5,4,
2,42457712,150,30,
2,42457782,157,23,
2,42457787,16,6,
2,42457816,176,37,
2,42457820,43,7,
2,42458066,12,12,
2,42458429,57,31,
2,42458431,409,521,
2,42458599,164,105,
2,42458752,297,352,
2,42458861,12,1,
2,42460008,14,2,
2,42460107,16,3,
2,42460131,41,23,
2,42460132,84,78,
2,42460217,68,34,30
2,42460494,76,5,
2,42460748,19,4,
2,42461258,14,0,
2,42461260,3,0,
2,42461264,200,186,
2,42461512,4,0,
2,42461530,556,369,
2,42461688,576,179,
2,42461860,104,9,
2,42461964,95,55,
2,42462078,42,16,18
2,42462189,10,6,
2,42462348,76,37,
2,42462354,107,16,
2,42462804,3,0,
2,42462863,23,10,
2,42463123,425,84,
2,42463170,41,39,
2,42463295,110,115,
2,42463315,339,73,
2,42463525,138,79,
2,42463943,19,3,
2,42464033,7,3,
2,42464138,92,87,
2,42464185,15,21,
2,42464310,213,83,
2,42464557,195,57,
2,42464559,35,0,
2,42464679,132,259,
2,42464850,4,1,
2,42464966,154,161,
2,42465109,85,26,
2,42465168,3,0,
2,42465378,211,95,
2,42465535,263,202,
2,42465610,68,64,
2,42466507,30,2,
2,42466676,389,119,
2,42467194,874,271,
2,42467236,57,52,
2,42467250,15,1,
2,42467308,52,57,
2,42467375,296,245,
2,42467449,67,33,
2,42467937,57,31,23
2,42468111,13,2,24
2,42468214,353,32,
2,42468318,509,99,
2,42468362,61,55,
2,42468554,21,17,13
2,42468594,54,22,
2,42468664,28,17,
2,42469074,525,116,
2,42469264,176,462,
2,42469560,61,12,
2,42469945,5,0,
2,42469964,6,1,
2,42470001,12,6,8
2,42470040,143,72,
2,42470202,164,135,
2,42470238,26,5,
2,42470254,19,30,29
2,42470541,586,107,
2,42470700,13,1,
2,42471654,4,5,
2,42471861,63,24,
2,42471913,291,65,
2,42471927,150,61,
2,42471933,55,5,
2,42472247,187,325,
2,42472384,39,16,
2,42472473,10,0,
2,42472519,75,17,10
2,42472617,14,1,
2,42472828,41,24,
2,42472847,16,3,
2,42473032,504,271,
2,42473282,30,2,
2,42473321,1600,1616,
2,42473834,31,6,
2,42474004,6,0,
2,42474022,5,0,
2,42474458,70,16,
2,42474943,7,0,
2,42475011,113,55,
2,42475228,202,112,
2,42475489,9,0,
2,42475526,59,30,
2,42475703,229,34,
2,42475798,59,20,28
2,42476185,8,2,
2,42476192,274,131,
2,42476209,40,6,
2,42476240,7,3,
2,42476828,474,142,14
2,42476876,62,15,7
2,42476906,5,0,
2,42477226,3,0,
2,42477281,16,2,
2,42477463,7,1,
2,42477534,29,3,
2,42477564,48,40,
2,42477843,12,2,4
2,42477882,12,1,
2,42478000,3,0,
2,42478414,27,3,
2,42478430,22,9,
2,42478654,24,20,
2,42478728,94,46,
2,42478811,5,0,
2,42478897,25,64,
2,42478911,30,2,
2,42478962,46,33,
2,42479014,3,0,
2,42479133,5,0,
2,42479233,319,140,4
2,42479327,23,0,
2,42479345,13,8,
2,42479510,8,4,
2,42479537,4,0,
2,42479736,7,0,
2,42479866,160,36,
2,42480035,8,0,
2,42480081,7,0,
2,42480083,6,2,
2,42480105,237,126,27
2,42480184,14,0,
2,42480519,6,0,
2,42480617,15,3,
2,42480624,133,77,11
2,42480700,5,0,
2,42480706,37,36,
2,42480885,28,6,
2,42480991,5,0,
2,42481017,5,1,
2,42481136,7,1,
2,42481206,116,19,3
2,42481249,47,22,18
2,42481385,31,4,
2,42481413,8,0,
2,42481478,4,2,
2,42481609,6,0,
2,42481612,93,51,2
2,42481659,83,37,
2,42481668,38,4,6
2,42481714,4,0,
2,42481813,39,4,9
2,42481816,6,2,
2,42481900,6,1,
2,42481982,25,10,
2,42482080,9,1,
2,42482085,5,0,
2,42482195,5,0,
2,42482289,17,1,9
2,42482509,16,6,
2,42482635,12,1,21
2,42482684,20,8,
2,42482708,14,3,
2,42482829,93,26,1
2,42482841,4,1,
2,42482881,7,0,
2,42483037,10,3,
2,42483089,3,0,
2,42483175,11,0,12
2,42483239,9,1,
2,42483304,8,6,
2,42483367,8,0,
2,42483543,3,3,22
2,42483677,7,3,
2,42483802,6,1,
2,42483895,12,3,20
2,42483943,4,0,
3,42415122,378,83,
3,42415298,91,48,
3,42415386,382,158,
3,42415637,279,59,
3,42415654,43,14,
3,42415857,175,155,
3,42415875,117,68,
3,42415953,71,19,
3,42416230,189,41,
3,42416258,215,51,
3,42416281,36,36,
3,42416556,145,46,
3,42416681,106,13,
3,42416812,102,28,
3,42417056,57,36,
3,42417330,229,84,
3,42417357,515,86,
3,42417409,10,1,
3,42417478,326,172,
3,42417480,174,304,
3,42417857,342,52,
3,42418063,8,0,
3,42418114,28,1,
3,42418264,163,163,
3,42418309,122,14,
3,42418445,42,1,
3,42418675,147,21,
3,42418982,216,57,
3,42419036,118,43,
3,42419224,168,114,
3,42419469,439,224,
3,42420091,92,131,
3,42420138,136,173,
3,42420139,42,10,
3,42420352,1013,677,
3,42421387,29,1,
3,42421392,51,33,
3,42421689,193,38,
3,42421824,107,69,
3,42421835,36,34,
3,42422077,253,154,
3,42422113,27,4,
3,42422138,38,7,
3,42422548,41,7,
3,42422703,81,18,
3,42422942,166,17,
3,42423253,286,66,
3,42423282,49,27,
3,42423409,722,192,
3,42423753,40,11,
3,42423880,19,2,
3,42423988,117,48,
3,42424370,207,62,
3,42424508,268,89,
3,42424879,119,31,
3,42424904,240,71,
3,42425000,17,2,
3,42425038,127,83,
3,42425139,162,45,
3,42425268,52,25,
3,42425339,309,144,
3,42425398,379,438,
3,42425489,47,8,
3,42425770,232,99,
3,42426284,711,102,
3,42426337,93,39,
3,42426412,29,13,
3,42426589,283,94,
3,42427132,325,732,
3,42427169,191,71,
3,42427428,85,66,
3,42427812,8,0,
3,42427826,97,49,
3,42427888,834,262,
3,42427916,143,65,
3,42428162,118,115,
3,42428179,172,72,
3,42428256,98,90,
3,42428290,152,204,
3,42428332,35,11,
3,42428722,94,13,
3,42429045,212,363,
3,42429197,252,137,
3,42429600,48,22,
3,42429606,413,206,
3,42429646,62,113,
3,42429672,116,27,
3,42430024,109,27,
3,42430080,80,38,
3,42430109,37,10,
3,42430184,206,176,
3,42430265,93,26,
3,42430296,37,34,
3,42430317,94,104,
3,42430450,681,572,
3,42430804,53,7,
3,42431046,135,66,
3,42431090,345,393,
3,42431103,524,978,
3,42431186,305,112,
3,42431299,16,3,
3,42431361,107,74,
3,42432004,182,71,
3,42432151,558,326,
3,42432374,246,146,
3,42432494,112,203,
3,42432631,60,29,
3,42432730,353,147,
3,42432736,113,144,
3,42432867,354,129,
3,42432914,582,327,
3,42432979,97,16,
3,42433044,787,543,
3,42433152,63,77,
3,42433199,175,65,
3,42433205,186,249,
3,42433404,58,18,
3,42433609,102,54,
3,42433734,38,29,
3,42433807,29,5,
3,42434232,23,26,
3,42434331,70,13,
3,42434440,44,8,
3,42434769,143,9,
3,42434947,287,211,
3,42435099,168,7,
3,42435127,83,25,
3,42435254,15,4,
3,42435267,51,12,
3,42435282,36,8,
3,42435531,7,1,
3,42435620,179,137,
3,42435688,23,3,
3,42435972,557,299,
3,42436097,118,125,
3,42436440,199,52,
3,42436556,8,6,
3,42436570,88,85,
3,42436589,44,2,
3,42436783,189,54,
3,42437070,75,18,
3,42437201,156,102,
3,42437400,44,21,
3,42437697,76,37,
3,42437828,53,5,
3,42437974,9,2,
3,42438063,133,83,
3,42438175,367,419,
3,42438449,147,22,
3,42438767,298,46,
3,42438918,97,14,
3,42438966,26,5,
3,42439143,28,2,
3,42439456,31,22,
3,42439582,16,2,
3,42439654,30,49,
3,42439897,13,1,
3,42439956,312,121,
3,42440016,183,31,
3,42440121,58,3,
3,42440185,66,24,
3,42440496,167,27,
3,42440723,15,0,
3,42440767,190,70,
3,42440886,537,267,
3,42440922,201,108,
3,42440930,20,2,
3,42441258,215,61,
3,42441333,720,263,
3,42441502,272,320,
3,42441609,120,134,
3,42441772,118,44,
3,42442054,18,0,
3,42442104,11,1,
3,42442354,403,78,
3,42442812,197,47,
3,42442820,11,0,
3,42442852,94,62,24
3,42443022,121,45,
3,42443210,32,5,
3,42443229,3082,250,
3,42443406,163,197,
3,42443456,24,50,
3,42443737,27,14,
3,42443870,104,27,
3,42443987,109,104,
3,42444083,31,4,
3,42444535,22,1,
3,42444718,28,43,
3,42444817,165,360,
3,42444820,56,7,
3,42444821,30,4,
3,42444830,34,16,
3,42444856,108,8,
3,42444924,37,9,
3,42445037,641,649,
3,42445102,62,21,
3,42445239,110,24,
3,42445328,72,94,
3,42445508,183,46,
3,42445636,38,1,
3,42445834,174,137,
3,42446153,18,2,
3,42446686,348,553,
3,42446846,269,62,
3,42446889,132,66,
3,42446980,11,12,
3,42447012,139,57,
3,42447053,223,49,
3,42447059,94,25,
3,42447071,289,150,
3,42447248,12,0,
3,42447332,19,5,
3,42447580,83,10,
3,42447628,41,4,
3,42447762,166,255,
3,42448184,160,23,
3,42448193,91,28,
3,42448639,24,3,
3,42448654,14,5,
3,42448913,169,42,
3,42448939,268,289,
3,42449026,11,1,
3,42449102,42,47,
3,42449363,75,7,
3,42449424,243,116,
3,42449497,332,64,
3,42449588,157,91,
3,42449602,287,305,
3,42449647,59,32,
3,42449823,57,7,
3,42449915,31,47,
3,42449951,73,17,
3,42450051,33,15,
3,42450213,66,114,
3,42450221,333,339,
3,42450223,58,2,
3,42450227,164,47,
3,42450232,96,9,
3,42450274,37,21,
3,42450389,41,32,
3,42450413,449,1335,
3,42450487,8,1,
3,42450811,11,9,
3,42450913,55,16,
3,42450950,244,129,
3,42450963,82,79,
3,42450969,11,1,
3,42451010,44,3,
3,42451130,172,240,
3,42451135,188,148,30
3,42451409,58,14,
3,42451447,12,2,
3,42451640,16,4,27
3,42451707,164,75,
3,42451968,83,55,14
3,42452285,63,44,
3,42452344,10,2,
3,42452358,99,26,
3,42452527,44,85,
3,42452640,86,72,12
3,42452983,3,0,
3,42453031,8,0,
3,42453036,8,11,
3,42453207,671,556,
3,42453341,532,374,
3,42453431,97,18,
3,42453650,55,14,
3,42453660,358,317,
3,42453743,53,49,
3,42453939,168,43,
3,42453996,9,0,
3,42454132,14,0,
3,42454139,44,29,
3,42454359,674,256,
3,42454405,328,305,
3,42454411,7,0,
3,42454421,5,0,
3,42454454,73,11,
3,42454481,7,0,
3,42454586,206,65,
3,42454723,67,55,
3,42454904,27,6,
3,42454929,396,329,
3,42454934,92,64,
3,42455214,19,12,
3,42455809,25,4,
3,42455992,54,35,
3,42456071,12,0,
3,42456109,6,0,
3,42456310,191,163,
3,42456339,5,1,
3,42456397,24,47,
3,42456417,53,12,
3,42456492,88,45,5
3,42456574,23,10,
3,42456585,165,78,
3,42456707,59,2,
3,42456715,100,26,
3,42456802,47,2,
3,42456998,45,22,
3,42457055,56,20,
3,42457178,142,139,
3,42457182,152,129,
3,42457186,10,1,
3,42457213,204,49,
3,42457282,13,9,
3,42457295,3,0,
3,42457321,206,51,
3,42457342,6,1,19
3,42457383,25,12,
3,42457436,129,135,
3,42457515,133,101,
3,42457539,3,0,
3,42457673,5,4,
3,42457712,150,30,
3,42457782,157,23,
3,42457787,16,6,
3,42457816,176,37,
3,42457820,44,8,
3,42458066,12,12,
3,42458429,59,33,
3,42458431,411,521,
3,42458599,164,105,
3,42458752,298,352,
3,42458861,12,1,
3,42460008,14,2,
3,42460107,16,3,
3,42460131,42,23,
3,42460132,85,78,
3,42460217,69,35,
3,42460494,76,5,
3,42460748,19,4,
3,42461258,14,0,
3,42461260,3,0,
3,42461264,200,186,
3,42461512,4,0,
3,42461530,556,369,
3,42461688,577,179,
3,42461860,104,9,
3,42461964,96,55,
3,42462078,45,17,18
3,42462189,10,6,
3,42462348,76,37,
3,42462354,107,16,
3,42462804,3,0,
3,42462863,23,10,
3,42463123,427,84,
3,42463170,41,39,
3,42463295,110,116,
3,42463315,339,73,
3,42463525,138,79,
3,42463943,19,3,
3,42464033,7,3,
3,42464138,92,88,
3,42464185,15,21,
3,42464310,214,83,
3,42464557,195,57,
3,42464559,35,0,
3,42464679,133,259,
3,42464850,4,1,
3,42464966,154,161,
3,42465109,85,26,
3,42465168,3,0,
3,42465378,212,95,
3,42465535,263,202,
3,42465610,68,64,
3,42466507,31,2,
3,42466676,389,119,
3,42467194,874,271,
3,42467236,57,52,
3,42467250,15,1,
3,42467308,53,57,
3,42467375,296,245,
3,42467449,67,33,
3,42467937,65,33,23
3,42468111,15,2,26
3,42468214,353,32,
3,42468318,509,99,
3,42468362,61,55,
3,42468554,24,21,17
3,42468594,55,24,
3,42468664,28,17,
3,42469074,525,116,
3,42469264,176,465,
3,42469560,61,12,
3,42469945,5,0,
3,42469964,6,1,
3,42470001,13,9,13
3,42470040,149,77,
3,42470202,164,137,
3,42470238,27,5,
3,42470254,21,37,30
3,42470541,588,107,
3,42470700,13,1,
3,42471654,4,5,
3,42471861,64,25,
3,42471913,293,65,
3,42471927,151,61,
3,42471933,55,5,
3,42472247,188,325,
3,42472384,41,16,
3,42472473,10,0,
3,42472519,83,17,8
3,42472617,14,1,
3,42472828,41,24,
3,42472847,16,3,
3,42473032,504,271,
3,42473282,30,2,
3,42473321,1605,1619,
3,42473834,31,6,
3,42474004,6,0,
3,42474022,5,0,
3,42474458,70,16,
3,42474943,7,0,
3,42475011,113,55,
3,42475228,202,115,
3,42475489,9,0,
3,42475526,59,30,
3,42475703,231,34,
3,42475798,63,21,28
3,42476185,8,2,
3,42476192,275,131,
3,42476209,40,6,
3,42476240,7,3,
3,42476828,489,152,15
3,42476876,67,16,7
3,42476906,5,0,
3,42477226,3,0,
3,42477281,16,2,
3,42477463,7,1,
3,42477534,29,3,
3,42477564,48,40,
3,42477843,30,11,4
3,42477882,12,1,
3,42478000,3,0,
3,42478414,27,3,
3,42478430,22,9,
3,42478654,24,20,
3,42478728,94,46,
3,42478811,5,0,
3,42478897,25,65,
3,42478911,31,2,
3,42478962,46,33,
3,42479014,3,0,
3,42479133,5,0,
3,42479233,326,147,4
3,42479327,23,0,
3,42479345,13,8,
3,42479510,9,4,
3,42479537,4,0,
3,42479736,7,0,
3,42479866,162,36,
3,42480035,8,0,
3,42480081,7,0,
3,42480083,6,2,
3,42480105,244,129,25
3,42480184,15,0,
3,42480617,15,3,
3,42480624,139,79,12
3,42480700,5,0,
3,42480706,37,36,
3,42480885,29,7,
3,42481017,5,1,
3,42481136,7,1,
3,42481206,128,22,3
3,42481249,54,25,18
3,42481385,34,5,
3,42481413,8,0,
3,42481478,4,2,
3,42481609,6,0,
3,42481612,101,55,2
3,42481659,87,38,
3,42481668,44,7,8
3,42481714,4,0,
3,42481813,48,6,10
3,42481816,9,2,
3,42481900,6,1,
3,42481982,25,10,
3,42482080,9,1,
3,42482085,5,0,
3,42482195,5,0,
3,42482289,21,3,9
3,42482509,17,6,
3,42482635,12,2,
3,42482684,22,8,
3,42482708,15,3,
3,42482829,112,33,1
3,42482841,6,1,
3,42482881,7,0,
3,42483037,10,3,
3,42483089,3,0,
3,42483175,17,0,12
3,42483239,9,1,
3,42483304,10,6,
3,42483310,3,0,
3,42483367,9,0,
3,42483522,3,0,
3,42483543,7,3,9
3,42483677,8,6,
3,42483802,9,1,
3,42483895,34,8,16
4,42415122,378,83,
4,42415298,91,48,
4,42415386,382,158,
4,42415637,279,59,
4,42415654,43,14,
4,42415857,175,155,
4,42415875,117,68,
4,42415953,71,19,
4,42416230,189,41,
4,42416258,215,51,
4,42416281,36,36,
4,42416556,145,46,
4,42416681,106,13,
4,42416812,102,28,
4,42417056,57,36,
4,42417330,229,84,
4,42417357,515,86,
4,42417409,10,1,
4,42417478,326,172,
4,42417480,174,304,
4,42417857,342,53,
4,42418063,8,0,
4,42418114,28,1,
4,42418264,163,163,
4,42418309,122,14,
4,42418445,42,1,
4,42418675,147,21,
4,42418982,216,57,
4,42419036,118,43,
4,42419224,168,114,
4,42419469,439,224,
4,42420091,92,131,
4,42420138,136,173,
4,42420139,42,10,
4,42420352,1013,677,
4,42421387,29,1,
4,42421392,51,33,
4,42421689,194,38,
4,42421824,107,69,
4,42421835,36,34,
4,42422077,253,154,
4,42422113,27,4,
4,42422138,38,7,
4,42422548,41,7,
4,42422703,81,18,
4,42422942,166,17,
4,42423253,286,66,
4,42423282,49,27,
4,42423409,723,192,
4,42423742,74,20,
4,42423753,40,11,
4,42423880,19,2,
4,42423988,117,48,
4,42424370,207,62,
4,42424508,268,89,
4,42424572,35,22,
4,42424879,119,31,
4,42424904,240,71,
4,42425000,17,2,
4,42425038,127,83,
4,42425139,162,45,
4,42425268,52,25,
4,42425339,309,144,
4,42425398,379,438,
4,42425489,47,8,
4,42425770,232,99,
4,42426284,712,102,
4,42426337,93,39,
4,42426412,29,13,
4,42426589,283,94,
4,42426657,69,109,
4,42427132,325,732,
4,42427169,192,71,
4,42427428,85,66,
4,42427812,8,0,
4,42427826,97,49,
4,42427888,835,262,
4,42427916,143,65,
4,42428162,118,115,
4,42428179,172,72,
4,42428256,98,90,
4,42428290,152,206,
4,42428332,35,11,
4,42428722,94,13,
4,42428838,60,30,
4,42429045,212,363,
4,42429197,252,137,
4,42429600,48,22,
4,42429606,413,206,
4,42429646,62,113,
4,42429672,116,27,
4,42430024,109,27,
4,42430080,80,38,
4,42430109,37,10,
4,42430184,206,176,
4,42430265,93,26,
4,42430296,37,34,
4,42430317,94,104,
4,42430450,682,572,
4,42430678,61,35,
4,42430804,53,7,
4,42431046,135,66,
4,42431090,345,393,
4,42431103,524,978,
4,42431186,305,112,
4,42431299,16,3,
4,42431361,107,74,
4,42432004,182,71,
4,42432151,558,326,
4,42432374,246,146,
4,42432494,112,203,
4,42432631,60,29,
4,42432730,353,147,
4,42432736,113,145,
4,42432867,354,129,
4,42432914,582,327,
4,42432979,97,16,
4,42433044,788,543,
4,42433152,63,77,
4,42433199,175,65,
4,42433205,186,249,
4,42433404,58,18,
4,42433609,102,54,
4,42433734,38,29,
4,42433807,29,5,
4,42434232,23,26,
4,42434331,70,13,
4,42434440,44,8,
4,42434769,144,9,
4,42434947,287,212,
4,42435099,169,7,
4,42435127,83,25,
4,42435254,15,4,
4,42435267,51,12,
4,42435282,36,8,
4,42435531,7,1,
4,42435620,179,137,
4,42435621,71,105,
4,42435688,23,3,
4,42435972,559,299,
4,42436097,118,126,
4,42436440,199,52,
4,42436556,8,6,
4,42436570,88,85,
4,42436589,44,2,
4,42436672,14,0,
4,42436783,189,54,
4,42437070,75,18,
4,42437201,156,104,
4,42437276,15,0,
4,42437400,44,21,
4,42437460,7,0,
4,42437697,76,37,
4,42437816,10,1,
4,42437828,53,5,
4,42437974,9,2,
4,42438009,185,119,
4,42438063,133,83,
4,42438175,367,419,
4,42438431,163,63,
4,42438449,147,22,
4,42438767,298,46,
4,42438918,97,14,
4,42438966,26,5,
4,42439143,28,2,
4,42439456,31,22,
4,42439582,16,2,
4,42439654,30,50,
4,42439897,13,1,
4,42439921,113,141,
4,42439956,312,121,
4,42440016,184,31,
4,42440121,58,3,
4,42440185,66,24,
4,42440496,167,27,
4,42440723,15,0,
4,42440767,190,70,
4,42440886,538,267,
4,42440922,201,108,
4,42440930,20,2,
4,42441258,215,61,
4,42441307,12,6,
4,42441333,721,263,
4,42441502,272,320,
4,42441600,6,3,
4,42441609,121,136,
4,42441772,118,44,
4,42442054,18,0,
4,42442104,11,1,
4,42442354,404,78,
4,42442812,197,47,
4,42442820,11,0,
4,42442852,99,64,23
4,42443022,121,45,
4,42443210,33,5,
4,42443229,3083,250,
4,42443406,163,197,
4,42443456,24,51,
4,42443737,27,14,
4,42443870,104,27,
4,42443987,109,104,
4,42444083,31,4,
4,42444342,5,0,
4,42444535,22,1,
4,42444718,28,43,
4,42444817,166,360,
4,42444820,56,7,
4,42444821,30,4,
4,42444830,34,16,
4,42444856,108,8,
4,42444924,37,9,
4,42445037,642,649,
4,42445102,62,21,
4,42445239,110,24,
4,42445328,72,94,
4,42445508,183,46,
4,42445636,38,1,
4,42445820,17,26,
4,42445834,174,137,
4,42446153,18,2,
4,42446686,348,553,
4,42446846,269,62,
4,42446889,132,66,
4,42446980,11,12,
4,42447012,140,57,
4,42447053,223,49,
4,42447059,94,25,
4,42447071,289,150,
4,42447248,12,0,
4,42447332,19,5,
4,42447580,83,10,
4,42447628,41,4,
4,42447762,166,255,
4,42448184,160,23,
4,42448193,91,28,
4,42448639,24,3,
4,42448654,14,5,
4,42448913,169,42,
4,42448939,268,289,
4,42449026,11,1,
4,42449102,43,47,
4,42449158,6,3,
4,42449363,75,7,
4,42449424,243,116,
4,42449497,333,64,
4,42449588,157,91,
4,42449602,288,305,
4,42449647,59,32,
4,42449817,6,0,25
4,42449823,57,7,
4,42449915,31,47,
4,42449951,73,17,
4,42450002,4,2,
4,42450051,33,15,
4,42450213,66,114,
4,42450221,333,339,
4,42450223,58,2,
4,42450227,164,47,
4,42450232,96,9,
4,42450269,6,2,
4,42450274,37,21,
4,42450389,41,33,
4,42450413,450,1335,
4,42450487,8,1,
4,42450592,6,0,
4,42450811,11,9,
4,42450913,55,16,
4,42450950,244,129,
4,42450963,82,79,
4,42450969,11,1,
4,42451010,44,3,
4,42451130,172,240,
4,42451135,193,152,
4,42451409,58,14,
4,42451447,12,2,
4,42451568,21,0,
4,42451640,17,6,29
4,42451707,164,75,
4,42451968,96,57,10
4,42452057,3,0,
4,42452285,63,44,
4,42452344,10,2,
4,42452358,99,26,
4,42452527,44,85,
4,42452640,91,77,21
4,42452983,3,0,
4,42453031,8,0,
4,42453036,8,11,
4,42453207,671,556,
4,42453341,532,374,
4,42453431,97,18,
4,42453650,55,14,
4,42453660,358,317,
4,42453743,53,49,
4,42453939,168,43,
4,42453996,9,0,
4,42454132,14,0,
4,42454139,44,29,
4,42454359,674,256,
4,42454405,328,304,
4,42454411,7,0,
4,42454421,5,0,
4,42454454,73,11,
4,42454481,7,0,
4,42454586,206,65,
4,42454723,67,55,
4,42454904,27,6,
4,42454929,396,330,
4,42454934,92,64,
4,42455214,19,12,
4,42455809,25,4,
4,42455928,18,2,
4,42455992,54,35,
4,42456071,12,0,
4,42456109,6,0,
4,42456310,191,163,
4,42456339,5,1,
4,42456397,24,51,
4,42456417,55,12,
4,42456492,93,51,6
4,42456574,23,10,
4,42456585,165,78,
4,42456707,59,2,
4,42456715,100,26,
4,42456802,47,2,
4,42456998,45,22,
4,42457055,56,20,
4,42457178,142,139,
4,42457182,152,129,
4,42457186,10,1,
4,42457213,205,49,
4,42457282,13,9,
4,42457295,3,0,
4,42457321,206,51,
4,42457342,7,3,27
4,42457383,27,12,
4,42457436,129,135,
4,42457515,134,101,
4,42457539,3,0,
4,42457673,5,4,
4,42457680,61,27,
4,42457712,150,30,
4,42457782,157,23,
4,42457787,16,6,
4,42457816,176,37,
4,42457820,46,8,
4,42458066,12,12,
4,42458429,59,33,
4,42458431,412,522,
4,42458599,165,105,
4,42458752,298,352,
4,42458861,12,0,
4,42460008,14,2,
4,42460107,16,3,
4,42460131,42,26,
4,42460132,85,78,
4,42460217,73,38,30
4,42460494,77,5,
4,42460607,22,8,
4,42460748,20,4,
4,42461258,14,0,
4,42461260,3,0,
4,42461264,201,186,
4,42461512,4,0,
4,42461530,556,369,
4,42461688,577,179,
4,42461860,104,9,
4,42461964,96,55,
4,42462078,48,19,18
4,42462189,10,6,
4,42462348,76,37,
4,42462354,107,16,
4,42462804,3,0,
4,42462863,23,10,
4,42463123,427,84,
4,42463170,41,39,
4,42463295,110,116,
4,42463315,340,73,
4,42463525,138,79,
4,42463943,19,3,
4,42464033,7,3,
4,42464138,92,90,
4,42464185,15,21,
4,42464310,214,83,
4,42464557,195,57,
4,42464559,35,0,
4,42464679,133,259,
4,42464850,4,1,
4,42464966,155,161,
4,42465109,85,26,
4,42465168,3,0,
4,42465378,212,95,
4,42465535,263,202,
4,42465610,68,65,
4,42465684,10,9,
4,42466278,4,8,
4,42466507,33,2,
4,42466676,389,119,
4,42467194,875,271,
4,42467236,57,52,
4,42467250,15,1,
4,42467308,53,58,
4,42467375,297,245,
4,42467449,67,33,
4,42467937,71,33,22
4,42468111,18,3,21
4,42468214,354,32,
4,42468318,510,99,
4,42468362,61,55,
4,42468461,9,6,
4,42468554,29,24,17
4,42468594,55,24,
4,42468664,28,17,
4,42469074,526,117,
4,42469264,176,465,
4,42469560,61,12,
4,42469945,5,0,
4,42469964,6,1,
4,42470001,15,10,16
4,42470040,153,79,
4,42470202,164,138,
4,42470238,28,5,
4,42470254,25,38,30
4,42470541,591,107,
4,42470700,13,1,
4,42471329,15,2,
4,42471645,12,3,
4,42471654,4,5,
4,42471861,64,25,
4,42471913,293,65,
4,42471927,151,61,
4,42471933,55,5,
4,42472247,188,326,
4,42472384,43,17,
4,42472473,10,0,
4,42472519,89,18,10
4,42472617,14,1,
4,42472621,11,2,
4,42472828,42,24,
4,42472847,16,3,
4,42473032,506,271,
4,42473282,30,2,
4,42473321,1610,1621,
4,42473834,31,6,
4,42474004,6,0,
4,42474022,5,0,
4,42474458,70,16,
4,42474943,7,0,
4,42475011,113,55,
4,42475123,32,6,
4,42475228,202,115,
4,42475489,9,0,
4,42475526,59,30,
4,42475703,232,34,
4,42475798,66,23,28
4,42476185,9,2,
4,42476192,275,131,
4,42476209,40,6,
4,42476240,7,3,
4,42476828,503,167,12
4,42476876,70,17,8
4,42476906,5,0,
4,42477226,3,0,
4,42477281,16,2,
4,42477463,7,1,
4,42477534,29,3,
4,42477564,48,40,
4,42477843,44,15,2
4,42477882,12,1,
4,42478000,3,0,
4,42478414,27,3,
4,42478430,22,9,
4,42478654,24,20,
4,42478728,94,46,
4,42478811,5,0,
4,42478897,25,65,
4,42478911,31,2,
4,42478962,46,34,
4,42479014,3,0,
4,42479133,5,0,
4,42479233,344,148,5
4,42479327,23,0,
4,42479345,13,8,
4,42479510,9,4,
4,42479537,4,0,
4,42479736,7,0,
4,42479866,164,36,
4,42480035,8,0,
4,42480081,7,0,
4,42480083,6,2,
4,42480105,250,132,25
4,42480184,16,0,
4,42480519,6,0,
4,42480617,15,3,
4,42480624,148,91,14
4,42480700,5,0,
4,42480706,38,36,
4,42480885,29,7,
4,42481017,5,1,
4,42481136,7,1,
4,42481206,145,24,3
4,42481249,59,27,18
4,42481385,34,5,
4,42481413,8,0,
4,42481478,4,3,
4,42481609,7,0,
4,42481612,107,55,4
4,42481659,89,39,
4,42481668,55,9,7
4,42481714,4,0,
4,42481813,54,7,9
4,42481816,10,2,
4,42481900,6,1,
4,42481982,26,11,
4,42482080,9,1,
4,42482085,5,0,
4,42482195,6,0,
4,42482289,21,5,23
4,42482509,18,6,
4,42482635,12,2,
4,42482684,23,8,
4,42482708,16,3,
4,42482829,130,37,1
4,42482841,6,1,
4,42482881,8,0,
4,42483031,5,0,
4,42483037,11,3,
4,42483089,3,0,
4,42483175,18,0,16
4,42483239,9,1,
4,42483304,10,7,
4,42483310,3,1,
4,42483367,9,0,
4,42483522,4,1,
4,42483543,10,3,10
4,42483677,9,7,
4,42483895,61,19,9
4,42483943,9,0,
4,42484139,12,2,2
5,42421689,194,37,
5,42421824,107,69,
5,42421835,36,34,
5,42422077,253,154,
5,42422113,27,4,
5,42422138,38,7,
5,42422548,41,7,
5,42422703,81,18,
5,42422942,166,17,
5,42423253,286,66,
5,42423282,49,27,
5,42423409,724,192,
5,42423742,74,20,
5,42423753,40,11,
5,42423880,19,2,
5,42423988,117,48,
5,42424370,207,62,
5,42424508,268,89,
5,42424572,35,22,
5,42424879,119,31,
5,42424904,240,71,
5,42425000,17,2,
5,42425038,127,83,
5,42425139,162,45,
5,42425268,52,25,
5,42425339,309,144,
5,42425398,379,438,
5,42425489,47,8,
5,42425770,233,99,
5,42426284,712,102,
5,42426337,93,39,
5,42426412,29,13,
5,42426589,283,94,
5,42426657,69,109,
5,42427132,325,732,
5,42427169,192,71,
5,42427428,85,66,
5,42427812,8,0,
5,42427826,97,49,
5,42427888,835,262,
5,42427916,143,65,
5,42428162,118,115,
5,42428179,172,72,
5,42428256,98,90,
5,42428290,153,206,
5,42428332,35,11,
5,42428722,94,13,
5,42428838,60,30,
5,42429045,212,363,
5,42429197,252,137,
5,42429600,48,22,
5,42429606,413,206,
5,42429646,62,113,
5,42429672,116,27,
5,42430024,109,27,
5,42430080,80,38,
5,42430109,37,10,
5,42430184,206,176,
5,42430265,93,26,
5,42430296,37,34,
5,42430317,94,104,
5,42430450,683,573,
5,42430678,61,35,
5,42430804,53,7,
5,42431046,135,66,
5,42431090,345,393,
5,42431103,524,978,
5,42431186,305,112,
5,42431299,16,3,
5,42431361,107,73,
5,42432004,182,71,
5,42432151,558,326,
5,42432374,246,146,
5,42432494,112,203,
5,42432631,60,29,
5,42432730,353,147,
5,42432736,114,145,
5,42432867,354,129,
5,42432914,582,327,
5,42432979,97,16,
5,42433044,788,543,
5,42433152,63,78,
5,42433199,175,65,
5,42433205,186,249,
5,42433404,58,18,
5,42433609,102,54,
5,42433734,38,29,
5,42433807,29,5,
5,42434232,23,26,
5,42434331,70,13,
5,42434440,44,8,
5,42434769,145,9,
5,42434947,287,212,
5,42435099,169,7,
5,42435127,83,25,
5,42435254,15,4,
5,42435267,51,12,
5,42435282,36,8,
5,42435531,7,1,
5,42435620,179,137,
5,42435688,23,3,
5,42435972,559,299,
5,42436097,120,126,
5,42436440,199,52,
5,42436556,8,6,
5,42436570,88,85,
5,42436589,44,2,
5,42436672,14,0,
5,42436783,189,54,
5,42437070,75,18,
5,42437201,157,105,
5,42437276,15,0,
5,42437400,44,21,
5,42437460,7,0,
5,42437697,76,37,
5,42437816,10,1,
5,42437828,53,5,
5,42437974,9,2,
5,42438009,185,119,
5,42438063,133,83,
5,42438175,367,419,
5,42438431,163,63,
5,42438449,147,22,
5,42438767,298,46,
5,42438918,97,14,
5,42438966,26,5,
5,42439143,28,2,
5,42439456,31,22,
5,42439582,16,2,
5,42439654,30,50,
5,42439897,13,1,
5,42439921,113,141,
5,42439956,312,121,
5,42440016,184,31,
5,42440121,59,3,
5,42440185,66,24,
5,42440496,168,27,
5,42440723,15,0,
5,42440767,190,70,
5,42440886,539,267,
5,42440922,201,108,
5,42440930,21,2,
5,42441258,215,61,
5,42441307,12,6,
5,42441333,721,263,
5,42441502,272,321,
5,42441600,6,3,
5,42441609,122,139,
5,42441772,119,44,
5,42442054,19,0,
5,42442104,11,1,
5,42442354,405,78,
5,42442812,197,47,
5,42442820,11,0,
5,42442852,106,64,23
5,42443022,121,44,
5,42443210,36,6,
5,42443229,3085,250,
5,42443406,163,197,
5,42443456,25,51,
5,42443737,27,14,
5,42443870,104,27,
5,42443987,109,104,
5,42444083,31,4,
5,42444342,5,0,
5,42444535,22,1,
5,42444718,28,43,
5,42444817,166,360,
5,42444820,56,7,
5,42444821,30,4,
5,42444830,34,16,
5,42444856,108,8,
5,42444924,37,9,
5,42445037,642,649,
5,42445102,62,21,
5,42445239,110,24,
5,42445328,72,94,
5,42445508,183,46,
5,42445636,38,1,
5,42445820,17,26,
5,42445834,174,137,
5,42446153,18,2,
5,42446686,348,555,
5,42446846,269,62,
5,42446889,132,66,
5,42446980,11,12,
5,42447012,140,57,
5,42447053,223,49,
5,42447059,94,25,
5,42447071,289,150,
5,42447248,12,0,
5,42447332,19,5,
5,42447580,83,10,
5,42447628,41,4,
5,42447762,166,255,
5,42448184,160,23,
5,42448193,91,28,
5,42448639,24,3,
5,42448654,14,5,
5,42448913,169,42,
5,42448939,268,289,
5,42449026,12,1,
5,42449102,43,47,
5,42449158,6,3,
5,42449363,75,7,
5,42449424,244,116,
5,42449497,333,64,
5,42449588,157,91,
5,42449602,288,305,
5,42449647,59,31,
5,42449817,11,1,15
5,42449823,57,7,
5,42449915,31,47,
5,42449951,76,17,
5,42450002,4,2,
5,42450051,33,15,
5,42450213,66,115,
5,42450221,334,340,
5,42450223,58,2,
5,42450227,164,47,
5,42450232,97,9,
5,42450269,6,2,
5,42450274,37,21,
5,42450389,41,33,
5,42450413,450,1336,
5,42450487,8,1,
5,42450592,6,0,
5,42450811,11,9,
5,42450913,55,16,
5,42450950,244,129,
5,42450963,82,79,
5,42450969,11,1,
5,42451010,44,3,
5,42451130,172,240,
5,42451135,198,158,
5,42451409,58,14,
5,42451447,12,2,
5,42451568,21,0,
5,42451640,18,6,29
5,42451707,164,75,
5,42451968,107,63,8
5,42452057,3,0,
5,42452285,63,44,
5,42452344,10,2,
5,42452358,99,26,
5,42452527,44,85,
5,42452640,96,80,21
5,42452983,3,0,
5,42453031,8,0,
5,42453036,8,11,
5,42453207,671,557,
5,42453341,532,374,
5,42453431,97,18,
5,42453650,55,14,
5,42453660,358,316,
5,42453743,53,49,
5,42453939,168,43,
5,42453996,9,0,
5,42454132,14,0,
5,42454139,44,29,
5,42454359,674,256,
5,42454405,328,304,
5,42454411,7,0,
5,42454421,5,0,
5,42454454,73,11,
5,42454481,7,0,
5,42454586,206,65,
5,42454723,67,56,
5,42454904,27,6,
5,42454929,396,330,
5,42454934,92,64,
5,42455214,19,12,
5,42455809,25,4,
5,42455928,18,2,
5,42455992,54,35,
5,42456071,12,0,
5,42456109,6,0,
5,42456310,191,163,
5,42456339,5,1,
5,42456397,24,52,
5,42456417,57,12,
5,42456492,98,57,6
5,42456574,23,10,
5,42456585,165,78,
5,42456707,59,2,
5,42456715,100,26,
5,42456802,47,2,
5,42456998,45,22,
5,42457055,56,20,
5,42457178,142,139,
5,42457182,152,130,
5,42457186,10,1,
5,42457213,206,49,
5,42457282,13,9,
5,42457295,11,1,11
5,42457321,206,51,
5,42457342,8,4,
5,42457383,28,12,
5,42457436,129,135,
5,42457515,134,101,
5,42457539,3,0,
5,42457673,5,4,
5,42457712,150,30,
5,42457782,157,23,
5,42457787,16,6,
5,42457816,176,37,
5,42457820,48,8,
5,42458066,12,12,
5,42458429,61,35,
5,42458431,412,522,
5,42458599,166,105,
5,42458752,298,352,
5,42458861,12,0,
5,42460008,14,2,
5,42460107,16,3,
5,42460131,42,26,
5,42460132,85,78,
5,42460217,78,41,30
5,42460494,79,5,
5,42460607,22,8,
5,42460748,20,4,
5,42461258,14,0,
5,42461260,3,0,
5,42461264,201,186,
5,42461512,4,0,
5,42461530,556,370,
5,42461688,578,179,
5,42461860,105,9,
5,42461964,96,55,
5,42462078,52,21,16
5,42462189,10,6,
5,42462348,77,37,
5,42462354,107,16,
5,42462804,3,0,
5,42462863,23,10,
5,42463123,429,84,
5,42463170,41,39,
5,42463295,110,116,
5,42463315,340,73,
5,42463525,138,79,
5,42463943,19,3,
5,42464033,7,3,
5,42464138,92,99,
5,42464185,15,21,
5,42464310,215,84,
5,42464557,195,57,
5,42464559,37,0,
5,42464679,133,259,
5,42464850,4,1,
5,42464966,155,161,
5,42465109,85,26,
5,42465168,3,0,
5,42465378,213,95,
5,42465535,263,202,
5,42465610,68,65,
5,42465684,10,9,
5,42466278,4,8,
5,42466507,33,2,
5,42466676,389,119,
5,42467194,877,271,
5,42467236,57,52,
5,42467250,15,1,
5,42467308,54,59,
5,42467375,300,244,
5,42467449,67,33,
5,42467937,74,34,22
5,42468111,19,3,24
5,42468214,354,32,
5,42468318,510,99,
5,42468362,61,55,
5,42468461,9,6,
5,42468554,32,31,18
5,42468594,55,24,
5,42468664,28,17,
5,42469074,529,117,
5,42469264,176,466,
5,42469560,61,12,
5,42469945,5,0,
5,42469964,6,1,
5,42470001,21,12,22
5,42470040,155,80,
5,42470202,164,138,
5,42470238,28,5,
5,42470254,26,40,
5,42470541,593,107,
5,42470700,14,1,
5,42471329,15,2,
5,42471645,12,3,
5,42471654,4,5,
5,42471861,64,25,
5,42471913,294,66,
5,42471927,151,61,
5,42471933,55,5,
5,42472247,188,326,
5,42472384,45,17,
5,42472473,10,0,
5,42472519,92,18,12
5,42472617,14,1,
5,42472621,11,2,
5,42472828,43,24,
5,42472847,16,3,
5,42473032,508,271,
5,42473282,30,2,
5,42473321,1616,1626,
5,42473834,33,6,
5,42474004,6,0,
5,42474022,5,0,
5,42474458,73,16,
5,42474943,7,0,
5,42475011,113,55,
5,42475123,32,6,
5,42475228,203,115,
5,42475489,9,0,
5,42475526,59,31,
5,42475703,233,34,
5,42475798,69,23,28
5,42476185,10,2,
5,42476192,277,132,
5,42476209,40,6,
5,42476240,7,2,
5,42476828,506,168,
5,42476876,72,17,9
5,42476906,5,0,
5,42477226,5,0,
5,42477281,16,1,
5,42477463,7,0,
5,42477534,29,3,
5,42477564,48,41,
5,42477843,51,19,3
5,42477882,12,1,
5,42478000,3,0,
5,42478414,27,2,
5,42478430,22,9,
5,42478654,24,20,
5,42478728,95,46,
5,42478811,5,0,
5,42478897,26,65,
5,42478911,31,2,
5,42478962,47,34,
5,42479014,4,0,
5,42479133,6,0,
5,42479233,353,148,5
5,42479327,23,0,
5,42479345,13,8,
5,42479510,9,4,
5,42479537,4,0,
5,42479736,7,0,
5,42479866,165,37,
5,42480035,8,0,
5,42480081,7,0,
5,42480083,6,2,
5,42480105,257,133,26
5,42480184,17,0,
5,42480617,15,3,
5,42480624,156,106,14
5,42480700,5,0,
5,42480706,40,36,
5,42480885,29,7,
5,42481017,5,1,
5,42481136,7,1,
5,42481206,165,27,4
5,42481249,62,28,20
5,42481385,35,5,
5,42481413,8,0,
5,42481478,4,3,
5,42481609,7,0,
5,42481612,113,55,7
5,42481659,91,40,
5,42481668,60,14,13
5,42481714,4,0,
5,42481813,58,8,10
5,42481816,10,2,
5,42481900,6,1,
5,42481982,28,11,
5,42482080,9,1,
5,42482085,5,0,
5,42482195,6,0,
5,42482289,26,6,27
5,42482509,18,6,
5,42482635,13,2,
5,42482684,27,9,
5,42482708,19,3,
5,42482829,139,43,2
5,42482841,7,1,
5,42482881,8,0,
5,42483031,8,0,
5,42483037,12,3,
5,42483089,3,0,
5,42483175,20,0,17
5,42483239,11,1,
5,42483304,11,7,
5,42483310,4,1,
5,42483328,11,0,
5,42483367,9,0,
5,42483522,7,1,
5,42483543,14,4,15
5,42483895,80,25,11
5,42483943,14,1,
5,42484139,28,7,1
5,42484513,12,0,3
5,42484527,9,1,1
6,42421689,194,37,
6,42421824,107,69,
6,42421835,36,34,
6,42422077,253,154,
6,42422113,27,4,
6,42422138,38,7,
6,42422548,41,7,
6,42422703,81,18,
6,42422942,166,17,
6,42423253,286,66,
6,42423282,49,27,
6,42423409,724,192,
6,42423742,74,20,
6,42423753,40,11,
6,42423880,19,2,
6,42423988,117,48,
6,42424370,207,62,
6,42424508,268,89,
6,42424572,35,22,
6,42424879,119,31,
6,42424904,240,71,
6,42425000,17,2,
6,42425038,127,83,
6,42425139,162,45,
6,42425268,52,25,
6,42425339,309,144,
6,42425398,379,438,
6,42425489,47,8,
6,42425770,233,99,
6,42426284,712,102,
6,42426337,93,39,
6,42426412,29,13,
6,42426589,283,94,
6,42426657,69,109,
6,42427132,325,732,
6,42427169,192,71,
6,42427428,85,66,
6,42427812,8,0,
6,42427826,97,49,
6,42427888,836,262,
6,42427916,143,65,
6,42428162,118,115,
6,42428179,172,72,
6,42428256,98,90,
6,42428290,153,206,
6,42428332,35,11,
6,42428722,94,13,
6,42428838,60,30,
6,42429045,212,363,
6,42429197,252,137,
6,42429600,48,22,
6,42429606,413,206,
6,42429646,62,113,
6,42429672,116,27,
6,42430024,109,27,
6,42430080,80,38,
6,42430109,37,10,
6,42430184,206,176,
6,42430265,93,26,
6,42430296,37,34,
6,42430317,94,104,
6,42430450,683,573,
6,42430678,61,35,
6,42430804,53,7,
6,42431046,135,66,
6,42431090,345,393,
6,42431103,524,978,
6,42431186,305,112,
6,42431299,16,3,
6,42431361,107,73,
6,42432004,182,71,
6,42432151,558,326,
6,42432374,246,146,
6,42432494,112,203,
6,42432631,60,29,
6,42432730,353,147,
6,42432736,114,145,
6,42432867,354,129,
6,42432914,582,327,
6,42432979,97,16,
6,42433044,788,543,
6,42433152,63,78,
6,42433199,175,65,
6,42433205,186,249,
6,42433404,58,18,
6,42433609,102,54,
6,42433734,38,29,
6,42433807,29,5,
6,42434232,23,26,
6,42434331,70,13,
6,42434440,44,8,
6,42434769,145,9,
6,42434947,287,212,
6,42435099,169,7,
6,42435127,83,25,
6,42435254,15,4,
6,42435267,51,12,
6,42435282,36,8,
6,42435531,7,1,
6,42435620,179,137,
6,42435621,71,105,
6,42435688,23,3,
6,42435972,559,299,
6,42436097,120,126,
6,42436440,199,52,
6,42436556,8,6,
6,42436570,88,85,
6,42436589,44,2,
6,42436672,14,0,
6,42436783,189,54,
6,42437070,75,18,
6,42437201,157,105,
6,42437276,15,0,
6,42437400,44,21,
6,42437460,7,0,
6,42437697,76,37,
6,42437816,10,1,
6,42437828,53,5,
6,42437974,9,2,
6,42438009,185,119,
6,42438063,133,83,
6,42438175,368,419,
6,42438431,163,63,
6,42438449,147,22,
6,42438767,298,46,
6,42438918,97,14,
6,42438966,26,5,
6,42439143,28,2,
6,42439456,31,22,
6,42439582,16,2,
6,42439654,30,50,
6,42439897,13,1,
6,42439921,113,141,
6,42439956,312,121,
6,42440016,184,31,
6,42440121,59,3,
6,42440185,66,24,
6,42440496,168,27,
6,42440723,15,0,
6,42440767,190,70,
6,42440886,539,267,
6,42440922,201,108,
6,42440930,21,2,
6,42441258,215,61,
6,42441307,12,6,
6,42441333,721,263,
6,42441502,272,321,
6,42441600,6,3,
6,42441609,123,141,
6,42441772,120,44,
6,42442054,19,0,
6,42442104,11,1,
6,42442354,405,78,
6,42442812,197,47,
6,42442820,11,0,
6,42442852,108,68,23
6,42443022,121,44,
6,42443210,37,8,
6,42443229,3085,250,
6,42443406,163,197,
6,42443456,25,52,
6,42443737,27,14,
6,42443870,104,27,
6,42443987,109,104,
6,42444083,31,4,
6,42444342,5,0,
6,42444535,22,1,
6,42444718,28,43,
6,42444817,166,360,
6,42444820,56,7,
6,42444821,30,4,
6,42444830,34,16,
6,42444856,108,8,
6,42444924,37,9,
6,42445037,642,652,
6,42445102,62,21,
6,42445239,110,24,
6,42445328,72,94,
6,42445508,183,46,
6,42445636,38,1,
6,42445820,17,26,
6,42445834,174,137,
6,42446153,18,2,
6,42446686,348,556,
6,42446846,269,62,
6,42446889,132,66,
6,42446980,11,12,
6,42447012,140,57,
6,42447053,224,49,
6,42447059,94,25,
6,42447071,289,150,
6,42447248,12,0,
6,42447332,19,5,
6,42447580,83,10,
6,42447628,42,4,
6,42447762,166,255,
6,42448184,160,23,
6,42448193,91,28,
6,42448639,24,3,
6,42448654,14,5,
6,42448913,169,42,
6,42448939,268,289,
6,42449026,12,1,
6,42449102,43,47,
6,42449158,6,3,
6,42449363,75,7,
6,42449424,244,116,
6,42449497,333,64,
6,42449588,157,91,
6,42449602,288,305,
6,42449647,59,31,
6,42449817,15,6,15
6,42449823,57,7,
6,42449915,31,47,
6,42449951,76,17,
6,42450002,4,2,
6,42450051,33,15,
6,42450213,66,115,
6,42450221,335,341,
6,42450223,59,2,
6,42450227,164,47,
6,42450232,98,9,
6,42450269,6,2,
6,42450274,38,21,
6,42450389,41,33,
6,42450413,450,1336,
6,42450487,8,1,
6,42450592,6,0,
6,42450811,11,9,
6,42450913,56,16,
6,42450950,244,129,
6,42450963,82,79,
6,42450969,11,1,
6,42451010,44,3,
6,42451130,172,240,
6,42451135,202,164,
6,42451409,59,14,
6,42451447,12,2,
6,42451568,21,0,
6,42451640,20,6,
6,42451707,164,75,
6,42451968,115,66,11
6,42452057,3,0,
6,42452285,63,44,
6,42452344,10,2,
6,42452358,99,26,
6,42452527,44,85,
6,42452640,101,83,22
6,42452983,3,0,
6,42453031,8,0,
6,42453036,8,11,
6,42453207,671,557,
6,42453341,532,374,
6,42453431,97,18,
6,42453650,55,14,
6,42453660,358,316,
6,42453743,53,49,
6,42453939,168,43,
6,42453996,9,0,
6,42454132,14,0,
6,42454139,44,29,
6,42454359,674,256,
6,42454405,328,304,
6,42454411,7,0,
6,42454421,5,0,
6,42454454,73,11,
6,42454481,7,0,
6,42454586,206,65,
6,42454723,67,56,
6,42454904,27,6,
6,42454929,396,330,
6,42454934,92,64,
6,42455214,19,12,
6,42455809,25,4,
6,42455928,18,2,
6,42455992,54,35,
6,42456071,12,0,
6,42456109,6,0,
6,42456310,191,163,
6,42456339,5,1,
6,42456397,24,52,
6,42456417,57,12,
6,42456492,104,58,8
6,42456574,23,10,
6,42456585,165,78,
6,42456707,59,2,
6,42456715,100,26,
6,42456802,47,2,
6,42456998,45,22,
6,42457055,56,20,
6,42457178,142,139,
6,42457182,152,130,
6,42457186,10,1,
6,42457213,206,49,
6,42457282,13,9,
6,42457295,16,3,7
6,42457321,207,51,
6,42457342,8,5,
6,42457383,28,12,
6,42457436,129,135,
6,42457515,134,101,
6,42457539,3,0,
6,42457673,5,4,
6,42457712,150,30,
6,42457782,157,23,
6,42457787,16,6,
6,42457816,176,37,
6,42457820,49,8,
6,42458066,12,12,
6,42458429,61,37,
6,42458431,412,522,
6,42458599,166,105,
6,42458752,298,352,
6,42458861,12,0,
6,42460008,14,2,
6,42460107,16,3,
6,42460131,42,26,
6,42460132,85,78,
6,42460217,79,45,
6,42460494,79,5,
6,42460607,22,8,
6,42460748,22,4,
6,42461258,14,0,
6,42461260,3,0,
6,42461264,201,186,
6,42461512,4,0,
6,42461530,556,371,
6,42461688,578,179,
6,42461860,105,9,
6,42461964,96,55,
6,42462078,55,23,20
6,42462189,10,6,
6,42462348,77,37,
6,42462354,107,16,
6,42462804,3,0,
6,42462863,23,10,
6,42463123,430,84,
6,42463170,41,39,
6,42463295,110,116,
6,42463315,340,73,
6,42463525,138,79,
6,42463943,19,3,
6,42464033,7,3,
6,42464138,92,102,
6,42464185,15,21,
6,42464310,215,84,
6,42464557,195,57,
6,42464559,37,0,
6,42464679,134,260,
6,42464850,4,1,
6,42464966,155,161,
6,42465109,85,26,
6,42465168,3,0,
6,42465378,214,95,
6,42465535,263,202,
6,42465610,68,65,
6,42466278,4,8,
6,42466507,33,2,
6,42466676,389,119,
6,42467194,878,271,
6,42467233,3,1,8
6,42467236,57,52,
6,42467250,15,1,
6,42467308,54,59,
6,42467375,300,244,
6,42467449,67,33,
6,42467937,78,34,25
6,42468111,25,3,26
6,42468214,354,32,
6,42468318,510,99,
6,42468362,61,55,
6,42468461,9,6,
6,42468554,36,32,20
6,42468594,55,24,
6,42468664,28,17,
6,42469074,529,117,
6,42469264,176,467,
6,42469560,61,12,
6,42469945,5,0,
6,42469964,6,1,
6,42470001,21,13,28
6,42470040,157,83,
6,42470202,164,139,
6,42470238,28,5,
6,42470254,26,40,
6,42470541,594,107,
6,42470700,14,1,
6,42471329,15,2,
6,42471645,12,3,
6,42471654,4,5,
6,42471861,64,25,
6,42471913,294,66,
6,42471927,152,61,
6,42471933,55,5,
6,42472247,188,327,
6,42472384,46,18,
6,42472473,10,0,
6,42472519,94,19,17
6,42472617,14,1,
6,42472621,11,2,
6,42472828,43,24,
6,42472847,16,3,
6,42473032,509,272,
6,42473282,30,2,
6,42473321,1617,1628,
6,42473834,33,6,
6,42474004,6,0,
6,42474022,5,0,
6,42474458,73,16,
6,42474943,7,0,
6,42475011,113,55,
6,42475123,32,6,
6,42475228,204,116,
6,42475489,9,0,
6,42475526,59,31,
6,42475703,233,34,
6,42475798,70,24,
6,42476185,10,2,
6,42476192,277,132,
6,42476209,40,6,
6,42476240,7,2,
6,42476828,510,168,
6,42476876,77,17,13
6,42476906,5,0,
6,42477226,5,0,
6,42477281,16,1,
6,42477463,7,0,
6,42477534,29,3,
6,42477564,48,41,
6,42477843,57,22,4
6,42477882,12,1,
6,42478000,3,0,
6,42478414,27,2,
6,42478430,23,9,
6,42478654,24,20,
6,42478728,96,46,
6,42478811,5,0,
6,42478897,27,65,
6,42478911,31,2,
6,42478962,47,34,
6,42479014,5,0,
6,42479133,6,0,
6,42479233,359,152,6
6,42479327,23,0,
6,42479345,13,8,
6,42479510,9,4,
6,42479537,4,0,
6,42479736,7,0,
6,42479866,167,37,
6,42480035,8,0,
6,42480081,7,0,
6,42480083,6,5,
6,42480105,261,134,26
6,42480184,17,0,
6,42480617,15,3,
6,42480624,157,107,16
6,42480700,5,1,
6,42480706,41,36,
6,42480885,30,8,
6,42481017,5,1,
6,42481136,7,1,
6,42481206,177,29,4
6,42481249,65,28,23
6,42481385,36,5,
6,42481609,8,0,
6,42481612,117,55,9
6,42481659,91,41,
6,42481668,62,16,14
6,42481714,4,0,
6,42481813,64,9,12
6,42481816,11,2,
6,42481900,6,1,
6,42481982,29,12,
6,42482080,9,1,
6,42482085,5,0,
6,42482195,6,0,
6,42482289,27,6,
6,42482509,19,6,
6,42482635,14,3,
6,42482684,27,9,
6,42482708,20,3,
6,42482829,145,48,3
6,42482841,7,3,
6,42482881,9,0,
6,42483031,13,0,
6,42483037,12,3,
6,42483089,3,0,
6,42483175,22,1,20
6,42483239,12,2,
6,42483304,11,7,
6,42483310,4,2,
6,42483328,23,3,15
6,42483367,10,0,
6,42483500,20,4,
6,42483522,7,1,
6,42483543,16,4,16
6,42483871,4,0,
6,42483895,98,31,7
6,42483943,15,3,
6,42484139,37,10,2
6,42484513,20,4,1
6,42484527,20,7,1
6,42484632,5,1,
7,42421689,194,37,
7,42421824,107,69,
7,42421835,36,34,
7,42422077,253,154,
7,42422113,27,4,
7,42422138,38,7,
7,42422548,41,7,
7,42422703,81,18,
7,42422942,166,17,
7,42423253,286,66,
7,42423282,49,27,
7,42423409,724,192,
7,42423742,74,20,
7,42423753,40,11,
7,42423880,19,2,
7,42423988,117,48,
7,42424370,207,62,
7,42424508,268,89,
7,42424572,35,22,
7,42424879,119,31,
7,42424904,240,71,
7,42425000,17,2,
7,42425038,127,83,
7,42425139,162,45,
7,42425268,52,25,
7,42425339,310,144,
7,42425398,379,438,
7,42425489,47,8,
7,42425770,233,99,
7,42426284,712,102,
7,42426337,93,39,
7,42426412,29,13,
7,42426589,283,94,
7,42426657,69,109,
7,42427132,325,732,
7,42427169,192,71,
7,42427428,85,66,
7,42427812,8,0,
7,42427826,97,49,
7,42427888,836,262,
7,42427916,143,65,
7,42428162,118,115,
7,42428179,172,72,
7,42428256,98,90,
7,42428290,154,206,
7,42428332,35,11,
7,42428722,94,13,
7,42428838,60,30,
7,42429045,212,363,
7,42429197,252,137,
7,42429600,48,22,
7,42429606,413,206,
7,42429646,62,113,
7,42429672,116,27,
7,42430024,109,27,
7,42430080,80,38,
7,42430109,37,10,
7,42430184,206,176,
7,42430265,93,26,
7,42430296,37,34,
7,42430317,94,104,
7,42430450,683,573,
7,42430678,61,35,
7,42430804,53,7,
7,42431046,135,66,
7,42431090,345,393,
7,42431103,524,978,
7,42431186,305,112,
7,42431299,16,3,
7,42431361,107,73,
7,42432004,182,71,
7,42432151,558,326,
7,42432374,246,146,
7,42432494,112,203,
7,42432631,60,29,
7,42432730,353,147,
7,42432736,114,145,
7,42432867,354,129,
7,42432914,582,327,
7,42432979,97,16,
7,42433044,788,543,
7,42433152,63,78,
7,42433199,175,65,
7,42433205,186,249,
7,42433404,58,18,
7,42433609,102,54,
7,42433734,38,29,
7,42433807,29,5,
7,42434232,23,26,
7,42434331,70,13,
7,42434440,44,8,
7,42434769,145,9,
7,42434947,287,212,
7,42435099,169,7,
7,42435127,84,25,
7,42435254,15,4,
7,42435267,51,12,
7,42435282,36,8,
7,42435531,7,1,
7,42435620,179,137,
7,42435621,71,105,
7,42435688,23,3,
7,42435972,560,299,
7,42436097,120,126,
7,42436440,199,52,
7,42436556,8,6,
7,42436570,88,85,
7,42436589,44,2,
7,42436672,14,0,
7,42436783,189,54,
7,42437070,75,18,
7,42437201,157,105,
7,42437276,15,0,
7,42437400,44,21,
7,42437460,7,0,
7,42437697,76,37,
7,42437816,10,1,
7,42437828,53,5,
7,42437974,9,2,
7,42438009,185,119,
7,42438063,133,83,
7,42438175,368,419,
7,42438431,163,63,
7,42438449,148,22,
7,42438767,298,46,
7,42438918,97,14,
7,42438966,26,5,
7,42439143,28,2,
7,42439456,31,22,
7,42439582,16,2,
7,42439654,30,50,
7,42439897,13,1,
7,42439921,113,141,
7,42439956,312,121,
7,42440016,184,31,
7,42440121,59,3,
7,42440185,66,24,
7,42440496,169,27,
7,42440723,15,0,
7,42440767,190,70,
7,42440886,539,267,
7,42440922,201,108,
7,42440930,21,2,
7,42441258,215,61,
7,42441307,12,6,
7,42441333,721,263,
7,42441502,272,321,
7,42441600,6,3,
7,42441609,126,143,
7,42441772,120,44,
7,42442054,19,0,
7,42442104,11,1,
7,42442354,405,78,
7,42442812,197,47,
7,42442820,11,0,
7,42442852,112,72,25
7,42443022,121,44,
7,42443210,38,8,
7,42443229,3086,250,
7,42443406,163,197,
7,42443456,25,52,
7,42443737,27,14,
7,42443870,104,27,
7,42443987,109,104,
7,42444083,31,4,
7,42444342,5,0,
7,42444535,22,1,
7,42444718,28,44,
7,42444817,166,360,
7,42444820,56,7,
7,42444821,30,4,
7,42444830,34,16,
7,42444856,108,8,
7,42444924,37,9,
7,42445037,642,654,
7,42445102,62,21,
7,42445239,110,24,
7,42445328,72,94,
7,42445508,183,46,
7,42445636,38,1,
7,42445820,17,26,
7,42445834,174,137,
7,42446153,18,2,
7,42446686,349,559,
7,42446846,269,62,
7,42446889,132,66,
7,42446980,11,12,
7,42447012,140,57,
7,42447053,224,49,
7,42447059,94,25,
7,42447071,289,150,
7,42447248,12,0,
7,42447332,19,5,
7,42447580,83,10,
7,42447628,44,4,
7,42447762,166,255,
7,42448184,160,23,
7,42448193,91,28,
7,42448639,24,3,
7,42448654,14,5,
7,42448913,169,42,
7,42448939,268,289,
7,42449026,12,1,
7,42449102,43,47,
7,42449158,6,3,
7,42449363,75,7,
7,42449424,244,116,
7,42449497,333,64,
7,42449588,157,91,
7,42449602,288,305,
7,42449647,59,31,
7,42449817,19,8,14
7,42449823,57,7,
7,42449915,31,47,
7,42449951,76,17,
7,42450002,4,2,
7,42450051,33,15,
7,42450213,66,115,
7,42450221,338,342,
7,42450223,60,2,
7,42450227,164,47,
7,42450232,99,9,
7,42450269,6,2,
7,42450274,38,23,
7,42450389,41,33,
7,42450413,450,1336,
7,42450487,8,1,
7,42450592,6,0,
7,42450811,11,9,
7,42450913,57,16,
7,42450950,244,129,
7,42450963,82,79,
7,42450969,11,1,
7,42451010,44,3,
7,42451130,172,240,
7,42451135,205,166,
7,42451409,59,14,
7,42451447,12,2,
7,42451568,21,0,
7,42451640,21,6,
7,42451707,164,75,
7,42451968,120,71,9
7,42452057,3,0,
7,42452285,63,44,
7,42452344,10,2,
7,42452358,99,26,
7,42452527,44,85,
7,42452640,105,88,19
7,42452983,3,0,
7,42453031,8,0,
7,42453036,8,11,
7,42453207,672,557,
7,42453341,533,374,
7,42453431,97,18,
7,42453650,55,14,
7,42453660,358,316,
7,42453743,53,49,
7,42453939,169,43,
7,42453996,9,0,
7,42454132,14,0,
7,42454139,44,29,
7,42454359,674,256,
7,42454405,328,304,
7,42454411,7,0,
7,42454421,5,0,
7,42454454,73,11,
7,42454481,7,0,
7,42454586,206,65,
7,42454723,67,56,
7,42454904,27,6,
7,42454929,398,330,
7,42454934,92,64,
7,42455214,19,12,
7,42455809,25,4,
7,42455928,18,2,
7,42455992,54,35,
7,42456048,13,1,10
7,42456071,12,0,
7,42456109,6,0,
7,42456310,192,163,
7,42456339,5,1,
7,42456397,24,53,
7,42456417,59,12,
7,42456492,106,63,7
7,42456574,23,10,
7,42456585,165,78,
7,42456707,59,2,
7,42456715,100,26,
7,42456802,47,2,
7,42456998,45,22,
7,42457055,56,20,
7,42457178,142,139,
7,42457182,152,130,
7,42457186,10,1,
7,42457213,206,49,
7,42457282,13,9,
7,42457295,19,3,29
7,42457321,207,51,
7,42457342,9,5,
7,42457383,30,12,
7,42457436,129,135,
7,42457515,134,101,
7,42457539,3,0,
7,42457673,5,4,
7,42457680,62,27,
7,42457712,150,30,
7,42457782,157,23,
7,42457787,16,6,
7,42457816,176,37,
7,42457820,51,9,
7,42458066,12,12,
7,42458429,62,37,
7,42458431,412,522,
7,42458599,166,105,
7,42458752,298,352,
7,42458861,12,0,
7,42460008,14,2,
7,42460107,16,3,
7,42460131,42,26,
7,42460132,85,78,
7,42460217,80,45,
7,42460494,79,5,
7,42460607,22,8,
7,42460748,23,4,
7,42461258,14,0,
7,42461260,3,0,
7,42461264,201,186,
7,42461512,4,0,
7,42461530,556,371,
7,42461688,578,179,
7,42461860,105,9,
7,42461964,96,55,
7,42462078,61,23,18
7,42462189,10,6,
7,42462348,77,37,
7,42462354,107,16,
7,42462804,3,0,
7,42462863,23,10,
7,42463123,430,84,
7,42463170,41,39,
7,42463295,110,116,
7,42463315,340,73,
7,42463525,138,79,
7,42463943,19,3,
7,42464033,7,3,
7,42464138,92,103,
7,42464185,15,21,
7,42464310,216,84,
7,42464557,196,57,
7,42464559,37,0,
7,42464679,135,260,
7,42464850,4,1,
7,42464966,156,161,
7,42465109,85,26,
7,42465168,3,0,
7,42465378,214,95,
7,42465535,263,202,
7,42465610,68,65,
7,42466278,4,8,
7,42466507,34,2,
7,42466676,389,119,
7,42467194,878,271,
7,42467233,5,2,14
7,42467236,57,52,
7,42467250,15,1,
7,42467308,54,60,
7,42467375,302,245,
7,42467449,67,33,
7,42467937,81,37,27
7,42468111,25,3,26
7,42468214,354,32,
7,42468318,511,99,
7,42468362,61,55,
7,42468461,9,6,
7,42468554,39,32,22
7,42468594,55,27,
7,42468664,28,17,
7,42469074,530,117,
7,42469264,176,467,
7,42469560,62,12,
7,42469945,5,0,
7,42469964,6,1,
7,42470001,27,13,29
7,42470040,160,86,
7,42470202,164,139,
7,42470238,29,5,
7,42470254,26,40,
7,42470541,597,107,
7,42470700,16,1,
7,42471329,15,2,
7,42471654,4,5,
7,42471861,64,25,
7,42471913,294,66,
7,42471927,152,61,
7,42471933,55,5,
7,42472247,188,327,
7,42472384,49,18,
7,42472473,10,0,
7,42472519,98,21,17
7,42472617,14,1,
7,42472621,11,2,
7,42472828,43,24,
7,42472847,16,3,
7,42473032,510,275,
7,42473282,30,2,
7,42473321,1618,1637,
7,42473834,34,6,
7,42474004,6,0,
7,42474022,5,0,
7,42474458,73,16,
7,42474943,7,0,
7,42475011,113,55,
7,42475228,205,116,
7,42475489,9,0,
7,42475526,59,31,
7,42475703,233,34,
7,42475798,74,24,
7,42476185,10,2,
7,42476192,277,136,
7,42476209,40,6,
7,42476240,7,2,
7,42476828,513,171,
7,42476876,78,17,12
7,42476906,5,0,
7,42477226,5,0,
7,42477281,16,1,
7,42477463,7,0,
7,42477534,29,3,
7,42477564,48,41,
7,42477843,63,26,6
7,42477882,12,2,
7,42478000,3,0,
7,42478414,27,2,
7,42478430,23,9,
7,42478654,24,20,
7,42478728,97,46,
7,42478811,5,0,
7,42478897,27,65,
7,42478911,34,3,
7,42478962,47,34,
7,42479014,5,0,
7,42479133,6,0,
7,42479233,369,153,5
7,42479327,23,0,
7,42479345,13,8,
7,42479510,11,5,
7,42479537,4,0,
7,42479736,7,0,
7,42479866,167,37,
7,42480035,8,0,
7,42480081,7,0,
7,42480083,6,5,
7,42480105,269,135,22
7,42480184,17,0,
7,42480617,15,3,
7,42480624,163,109,15
7,42480700,5,1,
7,42480706,41,36,
7,42480885,30,8,
7,42481017,5,1,
7,42481136,7,1,
7,42481206,190,29,4
7,42481249,71,31,21
7,42481295,6,0,
7,42481385,37,5,
7,42481609,8,0,
7,42481612,120,56,8
7,42481659,93,41,
7,42481668,66,18,23
7,42481714,4,0,
7,42481813,73,9,11
7,42481816,11,2,
7,42481900,6,1,
7,42481982,30,12,
7,42482080,9,1,
7,42482085,5,0,
7,42482195,6,0,
7,42482289,27,6,
7,42482509,21,7,
7,42482635,14,3,
7,42482684,27,9,
7,42482708,21,4,
7,42482829,150,53,3
7,42482841,8,3,
7,42482881,9,0,
7,42483031,17,0,
7,42483037,12,3,
7,42483089,3,0,
7,42483175,24,1,22
7,42483239,13,2,
7,42483304,13,7,
7,42483310,5,3,
7,42483328,30,14,11
7,42483367,10,0,
7,42483500,22,4,
7,42483522,8,1,
7,42483543,16,4,18
7,42483871,5,0,
7,42483895,121,42,7
7,42483997,4,0,
7,42484139,52,16,2
7,42484527,34,6,1
7,42484632,7,2,
8,42421689,194,37,
8,42421824,107,69,
8,42421835,36,34,
8,42422077,253,154,
8,42422113,27,4,
8,42422138,38,7,
8,42422548,41,7,
8,42422703,81,18,
8,42422942,166,17,
8,42423253,286,66,
8,42423282,49,27,
8,42423409,724,192,
8,42423742,74,20,
8,42423753,40,11,
8,42423880,19,2,
8,42423988,117,48,
8,42424370,207,62,
8,42424508,268,89,
8,42424572,35,22,
8,42424879,119,31,
8,42424904,240,71,
8,42425000,17,2,
8,42425038,127,83,
8,42425139,162,45,
8,42425268,52,25,
8,42425339,310,144,
8,42425398,379,438,
8,42425489,47,8,
8,42425770,233,99,
8,42426284,712,102,
8,42426337,93,39,
8,42426412,29,13,
8,42426589,283,94,
8,42426657,69,109,
8,42427132,325,732,
8,42427169,192,71,
8,42427428,85,66,
8,42427812,8,0,
8,42427826,97,49,
8,42427888,837,262,
8,42427916,143,65,
8,42428162,118,115,
8,42428179,172,72,
8,42428256,98,90,
8,42428290,154,206,
8,42428332,35,11,
8,42428722,94,13,
8,42428838,60,30,
8,42429045,212,363,
8,42429197,252,137,
8,42429600,48,22,
8,42429606,413,206,
8,42429646,62,113,
8,42429672,116,27,
8,42430024,109,27,
8,42430080,80,38,
8,42430109,37,10,
8,42430184,206,176,
8,42430265,93,26,
8,42430296,37,34,
8,42430317,94,104,
8,42430450,683,573,
8,42430678,61,35,
8,42430804,53,7,
8,42431046,135,66,
8,42431090,345,393,
8,42431103,524,978,
8,42431186,305,112,
8,42431299,16,3,
8,42431361,107,73,
8,42432004,182,71,
8,42432151,558,326,
8,42432374,246,146,
8,42432494,112,203,
8,42432631,60,29,
8,42432730,353,147,
8,42432736,114,145,
8,42432867,354,129,
8,42432914,582,327,
8,42432979,97,16,
8,42433044,788,543,
8,42433152,63,78,
8,42433199,175,65,
8,42433205,186,249,
8,42433404,58,18,
8,42433609,102,54,
8,42433734,38,29,
8,42433807,29,5,
8,42434232,23,26,
8,42434331,70,13,
8,42434440,44,8,
8,42434769,145,9,
8,42434947,287,212,
8,42435099,169,7,
8,42435127,84,25,
8,42435254,15,4,
8,42435267,51,12,
8,42435282,36,8,
8,42435531,7,1,
8,42435620,179,137,
8,42435621,71,105,
8,42435688,23,3,
8,42435972,560,299,
8,42436097,121,126,
8,42436440,199,52,
8,42436556,8,6,
8,42436570,88,85,
8,42436589,44,2,
8,42436672,14,0,
8,42436783,189,54,
8,42437070,75,18,
8,42437201,158,105,
8,42437276,15,0,
8,42437400,44,21,
8,42437460,7,0,
8,42437697,76,37,
8,42437816,10,1,
8,42437828,53,5,
8,42437974,9,2,
8,42438009,185,119,
8,42438063,133,83,
8,42438175,368,419,
8,42438431,163,63,
8,42438449,148,22,
8,42438767,298,46,
8,42438918,97,14,
8,42438966,26,5,
8,42439143,28,2,
8,42439456,31,22,
8,42439582,16,2,
8,42439654,31,51,
8,42439897,13,1,
8,42439921,113,141,
8,42439956,312,121,
8,42440016,184,31,
8,42440121,59,3,
8,42440185,66,24,
8,42440496,169,27,
8,42440723,15,0,
8,42440767,190,70,
8,42440886,539,267,
8,42440922,201,108,
8,42440930,21,2,
8,42441258,215,61,
8,42441307,12,6,
8,42441333,721,263,
8,42441502,272,321,
8,42441600,6,3,
8,42441609,128,144,
8,42441772,120,44,
8,42442054,19,0,
8,42442104,11,1,
8,42442354,405,78,
8,42442812,197,47,
8,42442820,11,0,
8,42442852,113,72,
8,42443022,121,44,
8,42443210,38,8,
8,42443229,3087,250,
8,42443406,163,197,
8,42443456,25,52,
8,42443737,27,14,
8,42443870,104,27,
8,42443987,109,104,
8,42444083,31,4,
8,42444342,5,0,
8,42444535,22,1,
8,42444718,28,44,
8,42444817,166,360,
8,42444820,56,7,
8,42444821,30,4,
8,42444830,34,16,
8,42444856,108,8,
8,42444924,37,9,
8,42445037,642,655,
8,42445102,62,21,
8,42445239,110,24,
8,42445328,72,94,
8,42445508,183,46,
8,42445636,38,1,
8,42445820,17,26,
8,42445834,174,137,
8,42446153,18,2,
8,42446686,349,559,
8,42446846,269,62,
8,42446889,132,66,
8,42446980,11,12,
8,42447012,140,57,
8,42447053,224,49,
8,42447059,94,25,
8,42447071,289,150,
8,42447248,12,0,
8,42447332,19,5,
8,42447580,83,10,
8,42447628,44,4,
8,42447762,166,255,
8,42448184,160,23,
8,42448193,91,28,
8,42448639,24,3,
8,42448654,14,5,
8,42448913,169,42,
8,42448939,268,289,
8,42449026,12,1,
8,42449102,43,47,
8,42449158,6,3,
8,42449363,75,7,
8,42449424,244,116,
8,42449497,333,64,
8,42449588,157,91,
8,42449602,288,305,
8,42449647,59,31,
8,42449817,21,12,17
8,42449823,57,7,
8,42449915,31,47,
8,42449951,76,17,
8,42450002,4,2,
8,42450051,33,15,
8,42450213,66,115,
8,42450221,338,342,
8,42450223,61,2,
8,42450227,164,47,
8,42450232,100,9,
8,42450269,6,2,
8,42450274,38,23,
8,42450389,41,33,
8,42450413,450,1337,
8,42450487,8,1,
8,42450592,6,0,
8,42450811,11,9,
8,42450913,57,16,
8,42450950,244,129,
8,42450963,82,79,
8,42450969,11,1,
8,42451010,44,3,
8,42451130,172,240,
8,42451135,206,168,
8,42451409,59,14,
8,42451447,12,2,
8,42451568,21,0,
8,42451640,21,6,
8,42451707,164,75,
8,42451968,126,75,9
8,42452057,3,0,
8,42452285,63,44,
8,42452344,10,2,
8,42452358,99,26,
8,42452527,45,85,
8,42452640,109,92,26
8,42452983,3,0,
8,42453031,8,0,
8,42453036,8,11,
8,42453207,673,557,
8,42453341,533,374,
8,42453431,97,18,
8,42453650,55,14,
8,42453660,358,316,
8,42453743,53,49,
8,42453939,169,43,
8,42453996,9,0,
8,42454132,14,0,
8,42454139,44,29,
8,42454359,674,256,
8,42454405,328,304,
8,42454411,7,0,
8,42454421,5,0,
8,42454454,73,11,
8,42454481,7,0,
8,42454586,206,65,
8,42454723,67,56,
8,42454904,27,6,
8,42454929,398,330,
8,42454934,92,64,
8,42455214,19,12,
8,42455809,25,4,
8,42455928,18,2,
8,42455992,54,35,
8,42456048,18,3,12
8,42456071,12,0,
8,42456109,6,0,
8,42456310,192,163,
8,42456339,5,1,
8,42456397,24,54,
8,42456417,61,12,
8,42456492,114,66,14
8,42456574,23,10,
8,42456585,165,78,
8,42456707,59,2,
8,42456715,100,26,
8,42456802,47,2,
8,42456998,45,22,
8,42457055,56,20,
8,42457178,142,139,
8,42457182,152,130,
8,42457186,10,1,
8,42457213,206,49,
8,42457282,13,9,
8,42457321,207,51,
8,42457342,9,6,
8,42457383,30,12,
8,42457436,129,135,
8,42457515,134,101,
8,42457539,3,0,
8,42457673,5,4,
8,42457712,150,30,
8,42457782,157,23,
8,42457787,16,6,
8,42457816,176,37,
8,42457820,51,9,
8,42458066,12,12,
8,42458429,62,38,
8,42458431,412,522,
8,42458599,166,105,
8,42458752,298,352,
8,42458861,12,0,
8,42460008,14,2,
8,42460107,16,3,
8,42460131,42,26,
8,42460132,85,78,
8,42460217,83,45,
8,42460494,79,5,
8,42460607,22,8,
8,42460748,24,4,
8,42461258,14,0,
8,42461260,3,0,
8,42461264,201,186,
8,42461512,4,0,
8,42461530,556,371,
8,42461688,578,179,
8,42461860,105,9,
8,42461964,96,55,
8,42462078,64,28,18
8,42462189,10,6,
8,42462348,77,37,
8,42462354,107,16,
8,42462804,3,0,
8,42462863,23,10,
8,42463123,430,84,
8,42463170,41,39,
8,42463295,110,116,
8,42463315,341,74,
8,42463525,138,79,
8,42463943,19,3,
8,42464033,7,3,
8,42464138,92,101,
8,42464185,15,21,
8,42464310,216,84,
8,42464557,196,57,
8,42464559,37,0,
8,42464679,135,260,
8,42464850,4,1,
8,42464966,156,161,
8,42465109,85,26,
8,42465168,3,0,
8,42465378,214,95,
8,42465535,264,202,
8,42465610,68,65,
8,42466278,4,8,
8,42466507,35,2,
8,42466676,389,119,
8,42467194,879,271,
8,42467233,6,2,24
8,42467236,57,52,
8,42467250,15,1,
8,42467308,54,60,
8,42467375,302,248,
8,42467449,67,33,
8,42467937,87,38,26
8,42468111,30,4,24
8,42468214,354,32,
8,42468318,511,99,
8,42468362,61,55,
8,42468402,8,1,9
8,42468461,9,6,
8,42468554,43,34,25
8,42468594,55,27,
8,42468664,28,17,
8,42469074,530,117,
8,42469264,176,467,
8,42469560,62,12,
8,42469945,5,0,
8,42469964,6,1,
8,42470001,30,17,28
8,42470040,160,86,
8,42470202,164,139,
8,42470238,29,5,
8,42470254,26,41,
8,42470541,598,108,
8,42470700,16,1,
8,42471329,15,2,
8,42471654,4,5,
8,42471861,64,25,
8,42471913,294,66,
8,42471927,153,61,
8,42471933,55,5,
8,42472247,188,327,
8,42472384,49,18,
8,42472473,10,0,
8,42472519,101,21,16
8,42472617,14,1,
8,42472621,11,2,
8,42472828,43,24,
8,42472847,16,3,
8,42473032,510,276,
8,42473282,30,2,
8,42473321,1618,1643,
8,42473834,34,6,
8,42474004,6,0,
8,42474022,5,0,
8,42474458,73,16,
8,42474943,7,0,
8,42475011,113,55,
8,42475228,205,116,
8,42475489,9,0,
8,42475526,59,31,
8,42475703,234,34,
8,42475798,80,25,30
8,42476185,10,2,
8,42476192,277,136,
8,42476209,40,6,
8,42476240,7,2,
8,42476828,515,174,
8,42476876,83,21,11
8,42476906,5,0,
8,42477226,5,0,
8,42477281,16,1,
8,42477463,7,0,
8,42477534,29,3,
8,42477564,48,41,
8,42477843,75,29,6
8,42477882,12,2,
8,42478000,3,0,
8,42478414,27,2,
8,42478430,23,9,
8,42478654,24,20,
8,42478728,98,46,
8,42478811,5,0,
8,42478897,27,65,
8,42478911,34,3,
8,42478962,47,34,
8,42479014,5,0,
8,42479133,6,0,
8,42479233,377,154,5
8,42479327,24,0,
8,42479345,13,8,
8,42479510,11,5,
8,42479537,4,0,
8,42479736,7,0,
8,42479866,168,37,
8,42480035,8,0,
8,42480081,7,0,
8,42480083,6,5,
8,42480105,275,136,20
8,42480184,17,0,
8,42480617,15,3,
8,42480624,167,110,15
8,42480700,5,1,
8,42480706,41,36,
8,42480885,30,8,
8,42481206,218,31,4
8,42481249,74,32,21
8,42481295,6,0,
8,42481385,38,5,
8,42481609,8,0,
8,42481612,125,57,8
8,42481659,95,42,
8,42481668,70,20,22
8,42481714,4,0,
8,42481813,80,12,12
8,42481816,11,2,
8,42481900,6,3,
8,42481982,30,13,
8,42482080,9,1,
8,42482085,5,0,
8,42482195,6,0,
8,42482289,28,6,
8,42482509,21,7,
8,42482635,14,3,
8,42482684,27,10,
8,42482708,21,4,
8,42482829,162,60,3
8,42482841,8,4,
8,42482881,9,0,
8,42483031,19,0,
8,42483037,12,3,
8,42483089,3,0,
8,42483175,24,2,23
8,42483239,13,2,
8,42483304,13,7,
8,42483310,5,3,
8,42483328,53,41,7
8,42483367,10,0,
8,42483500,28,5,
8,42483522,8,1,
8,42483543,17,4,19
8,42483871,5,0,
8,42483895,151,50,7
8,42483997,4,0,
8,42484109,4,0,
8,42484139,72,23,2
8,42484527,55,12,1
8,42484538,6,0,
8,42484632,9,3,
8,42485043,11,10,14
9,42421689,194,37,
9,42421824,107,69,
9,42421835,36,34,
9,42422077,253,154,
9,42422113,27,4,
9,42422138,38,7,
9,42422548,41,7,
9,42422703,81,18,
9,42422942,166,17,
9,42423253,286,66,
9,42423282,49,27,
9,42423409,724,192,
9,42423742,74,20,
9,42423753,40,11,
9,42423880,19,2,
9,42423988,117,48,
9,42424370,207,62,
9,42424508,268,89,
9,42424572,35,22,
9,42424879,119,31,
9,42424904,240,71,
9,42425000,17,2,
9,42425038,127,83,
9,42425139,162,45,
9,42425268,52,25,
9,42425339,310,144,
9,42425398,379,438,
9,42425489,47,8,
9,42425770,233,99,
9,42426284,712,102,
9,42426337,93,39,
9,42426412,29,13,
9,42426589,283,94,
9,42426657,69,109,
9,42427132,325,732,
9,42427169,192,71,
9,42427428,85,66,
9,42427812,8,0,
9,42427826,97,49,
9,42427888,839,262,
9,42427916,143,65,
9,42428162,118,115,
9,42428179,172,72,
9,42428256,98,90,
9,42428290,154,207,
9,42428332,35,11,
9,42428722,94,13,
9,42428838,60,30,
9,42429045,212,363,
9,42429197,252,137,
9,42429600,48,22,
9,42429606,413,206,
9,42429646,62,114,
9,42429672,116,27,
9,42430024,109,27,
9,42430080,80,38,
9,42430109,37,10,
9,42430184,206,176,
9,42430265,93,26,
9,42430296,37,34,
9,42430317,94,104,
9,42430450,683,573,
9,42430678,61,35,
9,42430804,53,7,
9,42431046,135,66,
9,42431090,345,393,
9,42431103,524,978,
9,42431186,305,112,
9,42431299,16,3,
9,42431361,107,73,
9,42432004,182,71,
9,42432151,558,326,
9,42432374,246,146,
9,42432494,112,203,
9,42432631,60,29,
9,42432730,353,147,
9,42432736,114,145,
9,42432867,354,129,
9,42432914,582,327,
9,42432979,97,16,
9,42433044,788,543,
9,42433152,63,78,
9,42433199,175,65,
9,42433205,186,249,
9,42433404,58,18,
9,42433609,102,54,
9,42433734,38,29,
9,42433807,29,5,
9,42434232,23,26,
9,42434331,70,13,
9,42434440,44,8,
9,42434769,145,9,
9,42434947,287,212,
9,42435099,169,7,
9,42435127,85,25,
9,42435254,15,4,
9,42435267,51,12,
9,42435282,36,8,
9,42435531,7,1,
9,42435620,179,137,
9,42435621,71,105,
9,42435688,23,3,
9,42435972,560,299,
9,42436097,121,126,
9,42436440,199,52,
9,42436556,8,6,
9,42436570,88,85,
9,42436589,44,2,
9,42436672,14,0,
9,42436783,190,54,
9,42437070,75,18,
9,42437201,158,105,
9,42437276,15,0,
9,42437400,44,21,
9,42437460,7,0,
9,42437697,76,37,
9,42437816,10,1,
9,42437828,53,5,
9,42437974,9,2,
9,42438009,185,119,
9,42438063,133,83,
9,42438175,368,419,
9,42438431,163,63,
9,42438449,148,22,
9,42438767,298,46,
9,42438918,97,14,
9,42438966,26,5,
9,42439143,28,2,
9,42439456,31,22,
9,42439582,16,2,
9,42439654,31,52,
9,42439897,13,1,
9,42439921,113,141,
9,42439956,313,121,
9,42440016,184,31,
9,42440121,59,3,
9,42440185,66,24,
9,42440496,170,27,
9,42440723,15,0,
9,42440767,190,70,
9,42440886,539,267,
9,42440922,201,108,
9,42440930,21,2,
9,42441258,215,61,
9,42441307,12,6,
9,42441333,721,263,
9,42441502,272,321,
9,42441600,6,3,
9,42441609,129,144,
9,42441772,120,44,
9,42442054,19,0,
9,42442104,11,1,
9,42442354,405,78,
9,42442812,197,47,
9,42442820,11,0,
9,42442852,114,72,
9,42443022,121,44,
9,42443210,40,8,
9,42443229,3089,250,
9,42443406,163,197,
9,42443456,25,52,
9,42443737,27,14,
9,42443870,104,27,
9,42443987,109,104,
9,42444083,31,4,
9,42444342,5,0,
9,42444535,22,1,
9,42444718,28,44,
9,42444817,166,360,
9,42444820,56,7,
9,42444821,30,4,
9,42444830,34,16,
9,42444856,108,8,
9,42444924,37,9,
9,42445037,642,655,
9,42445102,62,22,
9,42445239,110,24,
9,42445328,72,94,
9,42445508,183,46,
9,42445636,38,1,
9,42445820,17,26,
9,42445834,174,138,
9,42446153,18,2,
9,42446686,349,561,
9,42446846,269,62,
9,42446889,132,66,
9,42446980,11,12,
9,42447012,140,57,
9,42447053,224,49,
9,42447059,94,25,
9,42447071,289,150,
9,42447248,12,0,
9,42447332,19,5,
9,42447580,83,10,
9,42447628,45,4,
9,42447762,166,255,
9,42448184,160,23,
9,42448193,91,28,
9,42448639,24,3,
9,42448654,14,5,
9,42448913,169,42,
9,42448939,268,289,
9,42449026,12,1,
9,42449102,43,47,
9,42449158,6,3,
9,42449363,75,7,
9,42449424,244,116,
9,42449497,336,64,
9,42449588,157,91,
9,42449602,288,305,
9,42449647,59,31,
9,42449817,29,12,17
9,42449823,57,7,
9,42449915,31,47,
9,42449951,77,17,
9,42450002,4,2,
9,42450051,33,15,
9,42450213,66,115,
9,42450221,339,342,
9,42450223,62,2,
9,42450227,165,47,
9,42450232,101,9,
9,42450269,6,2,
9,42450274,38,23,
9,42450389,41,34,
9,42450413,450,1337,
9,42450487,15,4,9
9,42450592,6,0,
9,42450811,11,9,
9,42450913,57,16,
9,42450950,244,129,
9,42450963,82,79,
9,42450969,11,1,
9,42451010,44,3,
9,42451130,172,240,
9,42451135,206,171,
9,42451409,60,14,
9,42451447,12,2,
9,42451568,21,0,
9,42451640,22,6,
9,42451707,164,75,
9,42451968,132,83,9
9,42452057,3,0,
9,42452285,63,44,
9,42452344,10,2,
9,42452358,99,26,
9,42452527,45,87,
9,42452640,110,97,30
9,42452983,3,0,
9,42453031,8,0,
9,42453036,8,11,
9,42453207,674,557,
9,42453341,533,374,
9,42453431,97,18,
9,42453650,55,14,
9,42453660,358,316,
9,42453743,53,49,
9,42453939,169,43,
9,42453996,9,0,
9,42454132,14,0,
9,42454139,44,29,
9,42454359,674,256,
9,42454405,328,304,
9,42454411,7,0,
9,42454421,5,0,
9,42454454,73,11,
9,42454481,7,0,
9,42454586,206,65,
9,42454723,67,56,
9,42454904,27,6,
9,42454929,398,330,
9,42454934,92,64,
9,42455214,19,12,
9,42455809,25,4,
9,42455928,18,2,
9,42455992,54,35,
9,42456048,18,8,17
9,42456071,12,0,
9,42456109,6,0,
9,42456310,192,163,
9,42456339,5,1,
9,42456397,24,56,
9,42456417,62,12,
9,42456492,120,68,11
9,42456574,23,10,
9,42456585,165,78,
9,42456707,59,2,
9,42456715,100,26,
9,42456802,47,2,
9,42456998,45,22,
9,42457055,56,20,
9,42457178,142,139,
9,42457182,152,130,
9,42457186,10,1,
9,42457213,207,49,
9,42457282,13,9,
9,42457321,207,51,
9,42457342,9,8,
9,42457383,30,13,
9,42457436,129,135,
9,42457515,135,101,
9,42457539,3,0,
9,42457673,5,4,
9,42457712,150,30,
9,42457782,157,23,
9,42457787,16,6,
9,42457816,176,37,
9,42457820,52,9,
9,42458066,12,12,
9,42458429,65,39,
9,42458431,412,522,
9,42458599,166,105,
9,42458752,299,352,
9,42458861,12,0,
9,42460008,14,2,
9,42460107,16,3,
9,42460131,42,26,
9,42460132,85,78,
9,42460217,84,46,
9,42460494,79,5,
9,42460748,26,4,
9,42461258,14,0,
9,42461260,3,0,
9,42461264,201,186,
9,42461512,4,0,
9,42461530,557,372,
9,42461688,578,179,
9,42461860,105,9,
9,42461964,96,55,
9,42462078,68,30,16
9,42462189,10,6,
9,42462348,77,37,
9,42462354,107,16,
9,42462804,3,0,
9,42462863,23,10,
9,42463123,430,84,
9,42463170,41,39,
9,42463295,110,116,
9,42463315,341,74,
9,42463525,138,79,
9,42463943,19,3,
9,42464033,7,3,
9,42464138,92,105,
9,42464185,15,21,
9,42464310,216,84,
9,42464557,197,57,
9,42464559,37,0,
9,42464679,136,261,
9,42464850,4,1,
9,42464966,156,161,
9,42465109,85,26,
9,42465168,3,0,
9,42465378,214,95,
9,42465535,264,202,
9,42465610,68,65,
9,42466278,4,8,
9,42466507,35,2,
9,42466676,389,119,
9,42467194,883,271,
9,42467233,6,2,
9,42467236,57,52,
9,42467250,15,1,
9,42467308,54,60,
9,42467375,302,248,
9,42467449,67,33,
9,42467937,92,42,23
9,42468111,32,5,21
9,42468214,355,32,
9,42468318,511,99,
9,42468362,61,55,
9,42468402,13,5,10
9,42468461,9,6,
9,42468554,45,37,25
9,42468594,55,27,
9,42468664,28,17,
9,42469074,531,117,
9,42469264,176,467,
9,42469560,62,12,
9,42469945,5,0,
9,42469964,6,1,
9,42470001,33,19,29
9,42470040,163,88,
9,42470202,164,139,
9,42470238,29,5,
9,42470254,26,41,
9,42470541,603,109,
9,42470700,16,1,
9,42471654,4,5,
9,42471861,64,25,
9,42471913,294,66,
9,42471927,154,61,
9,42471933,55,5,
9,42472247,188,328,
9,42472384,52,18,
9,42472473,10,0,
9,42472519,104,22,15
9,42472617,14,1,
9,42472621,11,2,
9,42472828,43,24,
9,42472847,16,3,
9,42473032,515,276,
9,42473282,30,2,
9,42473321,1619,1650,
9,42473834,34,6,
9,42474004,6,0,
9,42474022,5,0,
9,42474458,73,16,
9,42474943,7,0,
9,42475011,114,55,
9,42475228,205,116,
9,42475489,9,0,
9,42475526,59,31,
9,42475703,236,34,
9,42475798,87,26,30
9,42476185,10,2,
9,42476192,278,137,
9,42476209,40,6,
9,42476240,7,2,
9,42476828,516,177,
9,42476876,88,23,12
9,42476906,5,0,
9,42477226,5,0,
9,42477281,16,1,
9,42477463,7,0,
9,42477534,29,3,
9,42477564,48,41,
9,42477843,84,31,6
9,42477882,12,2,
9,42478000,3,0,
9,42478414,27,2,
9,42478654,24,20,
9,42478728,98,46,
9,42478811,5,0,
9,42478897,27,65,
9,42478911,35,3,
9,42478962,47,34,
9,42479014,6,0,
9,42479133,6,0,
9,42479233,390,157,5
9,42479327,24,0,
9,42479345,13,8,
9,42479510,11,5,
9,42479537,4,0,
9,42479736,7,0,
9,42479866,168,37,
9,42480035,8,0,
9,42480083,6,5,
9,42480105,281,143,21
9,42480184,17,0,
9,42480617,15,3,
9,42480624,170,112,14
9,42480700,5,1,
9,42480706,41,36,
9,42480885,30,8,
9,42481206,237,36,4
9,42481249,82,35,18
9,42481295,6,0,
9,42481385,38,5,
9,42481609,8,0,
9,42481612,128,57,8
9,42481659,99,42,
9,42481668,72,22,22
9,42481714,4,0,
9,42481813,84,12,13
9,42481816,11,3,
9,42481900,6,3,
9,42481982,30,13,
9,42482080,9,1,
9,42482085,5,0,
9,42482195,6,0,
9,42482289,30,6,
9,42482509,21,7,
9,42482635,14,3,
9,42482684,27,11,
9,42482708,21,4,
9,42482829,173,68,3
9,42482841,8,4,
9,42482881,9,0,
9,42483031,21,0,
9,42483037,12,3,
9,42483089,3,0,
9,42483175,26,2,26
9,42483239,13,2,
9,42483304,13,7,
9,42483310,6,3,
9,42483328,60,56,28
9,42483367,11,0,
9,42483500,34,7,
9,42483522,10,1,
9,42483543,20,5,22
9,42483871,7,0,
9,42483895,172,60,7
9,42483997,4,0,
9,42484109,4,0,
9,42484139,82,28,2
9,42484527,66,13,1
9,42484538,9,0,
9,42484632,11,3,
9,42484911,15,2,3
9,42485004,10,2,
9,42485043,20,25,19
9,42485080,5,1,
10,42421689,195,37,
10,42421824,107,69,
10,42421835,36,34,
10,42422077,253,154,
10,42422113,27,4,
10,42422138,38,7,
10,42422548,41,7,
10,42422703,81,18,
10,42422942,166,17,
10,42423253,286,66,
10,42423282,49,27,
10,42423409,724,192,
10,42423742,74,20,
10,42423753,40,11,
10,42423880,19,2,
10,42423988,117,48,
10,42424370,207,62,
10,42424508,268,89,
10,42424572,35,22,
10,42424879,119,31,
10,42424904,240,71,
10,42425000,17,2,
10,42425038,127,83,
10,42425139,162,45,
10,42425268,52,25,
10,42425339,311,144,
10,42425398,380,438,
10,42425489,47,8,
10,42425770,233,99,
10,42426284,712,102,
10,42426337,93,39,
10,42426412,29,13,
10,42426589,283,94,
10,42426657,69,109,
10,42427132,325,732,
10,42427169,193,71,
10,42427428,85,66,
10,42427812,8,0,
10,42427826,97,49,
10,42427888,840,262,
10,42427916,143,65,
10,42428162,118,115,
10,42428179,172,72,
10,42428256,98,90,
10,42428290,154,207,
10,42428332,35,11,
10,42428722,94,13,
10,42428838,60,30,
10,42429045,212,363,
10,42429197,252,137,
10,42429600,48,22,
10,42429606,413,206,
10,42429646,62,114,
10,42429672,116,27,
10,42430024,109,27,
10,42430080,80,38,
10,42430109,37,10,
10,42430184,206,176,
10,42430265,93,26,
10,42430296,37,34,
10,42430317,94,104,
10,42430450,683,573,
10,42430678,61,35,
10,42430804,53,7,
10,42431046,135,66,
10,42431090,345,393,
10,42431103,524,978,
10,42431186,305,112,
10,42431299,16,3,
10,42431361,107,73,
10,42432004,182,71,
10,42432151,559,326,
10,42432374,246,146,
10,42432494,112,203,
10,42432631,60,29,
10,42432730,353,147,
10,42432736,114,146,
10,42432867,354,129,
10,42432914,582,327,
10,42432979,97,16,
10,42433044,788,543,
10,42433152,63,79,
10,42433199,175,65,
10,42433205,186,249,
10,42433404,58,18,
10,42433609,102,54,
10,42433734,38,29,
10,42433807,29,5,
10,42434232,23,26,
10,42434331,70,13,
10,42434440,45,8,
10,42434769,145,9,
10,42434947,287,212,
10,42435099,169,7,
10,42435127,85,25,
10,42435254,15,4,
10,42435267,51,12,
10,42435282,36,8,
10,42435531,7,1,
10,42435620,179,137,
10,42435621,71,105,
10,42435688,23,3,
10,42435972,560,299,
10,42436097,121,126,
10,42436440,199,52,
10,42436556,8,6,
10,42436570,88,85,
10,42436589,44,2,
10,42436672,14,0,
10,42436783,190,54,
10,42437070,75,18,
10,42437201,158,105,
10,42437276,15,0,
10,42437400,44,21,
10,42437460,7,0,
10,42437697,76,37,
10,42437816,10,1,
10,42437828,53,5,
10,42437974,9,2,
10,42438009,185,119,
10,42438063,133,83,
10,42438175,370,419,
10,42438431,163,63,
10,42438449,148,22,
10,42438767,298,46,
10,42438918,97,14,
10,42438966,26,5,
10,42439143,28,2,
10,42439456,31,22,
10,42439582,16,2,
10,42439654,31,52,
10,42439897,13,1,
10,42439921,113,141,
10,42439956,315,121,
10,42440016,185,31,
10,42440121,59,3,
10,42440185,66,24,
10,42440496,170,27,
10,42440723,15,0,
10,42440767,190,70,
10,42440886,540,267,
10,42440922,201,108,
10,42440930,21,2,
10,42441258,215,61,
10,42441307,12,6,
10,42441333,722,263,
10,42441502,272,321,
10,42441600,6,3,
10,42441609,130,146,
10,42441772,120,44,
10,42442054,19,0,
10,42442104,11,1,
10,42442354,405,78,
10,42442812,197,47,
10,42442820,11,0,
10,42442852,116,72,
10,42443022,121,44,
10,42443210,40,8,
10,42443229,3090,250,
10,42443406,163,197,
10,42443456,25,52,
10,42443737,27,14,
10,42443870,104,27,
10,42443987,109,104,
10,42444083,31,4,
10,42444342,5,0,
10,42444535,22,1,
10,42444718,28,44,
10,42444817,166,360,
10,42444820,56,7,
10,42444821,30,4,
10,42444830,34,16,
10,42444856,108,8,
10,42444924,37,9,
10,42445037,642,655,
10,42445102,64,22,
10,42445239,110,24,
10,42445328,72,94,
10,42445508,183,46,
10,42445636,38,1,
10,42445820,18,26,
10,42445834,174,138,
10,42446153,18,2,
10,42446686,350,563,
10,42446846,269,62,
10,42446889,132,66,
10,42446980,11,12,
10,42447012,140,57,
10,42447053,224,49,
10,42447059,94,25,
10,42447071,289,150,
10,42447248,12,0,
10,42447332,19,5,
10,42447580,83,10,
10,42447628,45,4,
10,42447762,166,255,
10,42448184,160,23,
10,42448193,91,28,
10,42448639,24,3,
10,42448654,14,5,
10,42448913,169,42,
10,42448939,268,289,
10,42449026,12,1,
10,42449102,43,47,
10,42449158,6,3,
10,42449363,75,7,
10,42449424,244,116,
10,42449497,336,64,
10,42449588,157,91,
10,42449602,288,306,
10,42449647,59,31,
10,42449817,30,15,19
10,42449823,57,7,
10,42449915,31,47,
10,42449951,77,17,
10,42450002,4,2,
10,42450051,33,15,
10,42450213,66,115,
10,42450221,339,343,
10,42450223,62,2,
10,42450227,166,47,
10,42450232,101,9,
10,42450269,6,2,
10,42450274,38,23,
10,42450389,41,35,
10,42450413,450,1337,
10,42450487,17,6,11
10,42450592,6,0,
10,42450811,11,9,
10,42450913,57,16,
10,42450950,244,129,
10,42450963,82,79,
10,42450969,11,1,
10,42451010,44,3,
10,42451130,172,240,
10,42451135,206,172,
10,42451409,60,14,
10,42451447,12,2,
10,42451568,21,0,
10,42451640,22,7,
10,42451707,164,75,
10,42451968,136,90,9
10,42452057,3,0,
10,42452285,63,44,
10,42452344,10,2,
10,42452358,99,26,
10,42452527,45,89,
10,42452640,111,104,
10,42452983,3,0,
10,42453031,8,0,
10,42453036,8,11,
10,42453207,675,557,
10,42453341,534,374,
10,42453431,97,18,
10,42453650,55,14,
10,42453660,358,316,
10,42453743,53,49,
10,42453939,170,43,
10,42453996,9,0,
10,42454132,14,0,
10,42454139,44,29,
10,42454359,674,256,
10,42454405,328,304,
10,42454411,7,0,
10,42454421,5,0,
10,42454454,73,11,
10,42454481,7,0,
10,42454586,206,65,
10,42454723,67,56,
10,42454904,27,6,
10,42454929,398,330,
10,42454934,92,64,
10,42454994,5,1,20
10,42455214,19,12,
10,42455809,25,4,
10,42455928,18,2,
10,42455992,54,35,
10,42456048,18,12,28
10,42456071,12,0,
10,42456109,6,0,
10,42456310,192,163,
10,42456339,6,1,
10,42456397,24,56,
10,42456417,63,12,
10,42456492,124,70,9
10,42456574,23,10,
10,42456585,165,78,
10,42456707,59,2,
10,42456715,100,26,
10,42456802,47,2,
10,42456998,45,22,
10,42457055,56,20,
10,42457178,142,139,
10,42457182,152,130,
10,42457186,10,1,
10,42457213,207,49,
10,42457282,13,9,
10,42457321,207,51,
10,42457342,9,8,
10,42457383,30,13,
10,42457436,129,135,
10,42457515,135,101,
10,42457539,3,0,
10,42457673,5,4,
10,42457712,150,30,
10,42457782,157,23,
10,42457787,16,6,
10,42457816,176,37,
10,42457820,52,9,
10,42458066,12,12,
10,42458429,65,39,
10,42458431,412,522,
10,42458599,166,105,
10,42458752,299,352,
10,42458861,12,0,
10,42460008,14,2,
10,42460107,16,3,
10,42460131,42,26,
10,42460132,85,78,
10,42460217,85,46,
10,42460494,79,5,
10,42460748,27,5,
10,42461258,14,0,
10,42461260,3,0,
10,42461264,201,186,
10,42461512,4,0,
10,42461530,557,373,
10,42461688,579,179,
10,42461860,105,9,
10,42461964,97,55,
10,42462078,73,30,18
10,42462189,10,6,
10,42462348,77,37,
10,42462354,107,16,
10,42462804,3,0,
10,42462863,23,10,
10,42463123,432,84,
10,42463170,41,39,
10,42463295,110,116,
10,42463315,341,74,
10,42463525,138,79,
10,42463943,19,3,
10,42464033,7,3,
10,42464138,92,105,
10,42464185,15,22,
10,42464310,216,84,
10,42464557,197,57,
10,42464559,38,0,
10,42464679,137,261,
10,42464850,4,1,
10,42464966,156,161,
10,42465109,85,26,
10,42465168,3,0,
10,42465378,214,95,
10,42465535,264,202,
10,42465610,68,65,
10,42466278,4,8,
10,42466507,36,2,
10,42466676,389,119,
10,42467194,884,271,
10,42467233,6,2,
10,42467236,57,52,
10,42467250,15,1,
10,42467308,54,60,
10,42467375,302,249,
10,42467449,67,33,
10,42467937,97,45,23
10,42468111,34,7,20
10,42468214,355,32,
10,42468318,511,99,
10,42468362,61,55,
10,42468402,20,13,6
10,42468461,9,6,
10,42468554,47,38,25
10,42468594,55,27,
10,42468664,29,17,
10,42469074,531,117,
10,42469264,176,468,
10,42469560,62,12,
10,42469945,5,0,
10,42469964,6,1,
10,42470001,35,21,29
10,42470040,164,95,
10,42470202,164,139,
10,42470238,29,5,
10,42470254,26,42,
10,42470541,605,109,
10,42470700,16,1,
10,42471654,4,5,
10,42471861,64,25,
10,42471913,295,66,
10,42471927,154,61,
10,42471933,55,5,
10,42472247,188,329,
10,42472384,54,19,
10,42472473,10,0,
10,42472519,104,23,18
10,42472617,14,1,
10,42472828,43,24,
10,42472847,16,3,
10,42473032,515,276,
10,42473282,30,2,
10,42473321,1619,1653,
10,42473834,34,6,
10,42474004,6,0,
10,42474022,5,0,
10,42474458,73,16,
10,42474943,7,0,
10,42475011,114,55,
10,42475228,205,116,
10,42475489,9,0,
10,42475526,59,31,
10,42475703,236,34,
10,42475798,92,30,28
10,42476185,11,2,
10,42476192,279,137,
10,42476209,40,6,
10,42476240,7,2,
10,42476828,519,180,
10,42476876,91,26,14
10,42476906,5,0,
10,42477226,5,0,
10,42477281,16,1,
10,42477463,7,0,
10,42477534,29,3,
10,42477564,48,41,
10,42477843,91,31,7
10,42477882,12,2,
10,42478000,3,0,
10,42478414,28,2,
10,42478654,24,22,
10,42478728,98,46,
10,42478811,5,0,
10,42478897,27,65,
10,42478911,35,4,
10,42478962,47,34,
10,42479014,6,0,
10,42479133,6,0,
10,42479233,399,159,6
10,42479327,24,0,
10,42479345,13,8,
10,42479510,11,6,
10,42479537,4,0,
10,42479736,7,0,
10,42479866,168,37,
10,42480035,8,0,
10,42480083,6,5,
10,42480105,284,146,23
10,42480184,17,0,
10,42480617,15,3,
10,42480624,173,113,16
10,42480700,5,1,
10,42480706,41,36,
10,42480885,30,9,
10,42481206,258,40,5
10,42481249,87,36,17
10,42481295,6,0,
10,42481385,38,5,
10,42481609,8,0,
10,42481612,130,57,12
10,42481659,101,42,
10,42481668,76,32,21
10,42481714,5,0,
10,42481813,89,15,13
10,42481816,11,3,
10,42481900,6,3,
10,42481982,30,13,
10,42482080,9,1,
10,42482195,6,0,
10,42482289,30,6,
10,42482509,21,7,
10,42482635,14,3,
10,42482684,27,12,
10,42482708,21,4,
10,42482829,179,76,4
10,42482841,8,4,
10,42482881,9,0,
10,42483031,21,0,
10,42483037,12,3,
10,42483089,3,0,
10,42483175,31,2,21
10,42483239,14,2,
10,42483304,14,7,
10,42483310,6,3,
10,42483328,62,57,
10,42483367,11,0,
10,42483500,37,7,
10,42483522,10,1,
10,42483543,22,6,24
10,42483871,7,0,
10,42483895,187,65,8
10,42483997,4,0,
10,42484109,5,0,
10,42484139,87,30,2
10,42484527,72,19,1
10,42484538,9,0,
10,42484632,11,3,
10,42484911,28,6,3
10,42485004,11,3,
10,42485043,22,31,
10,42485365,4,0,
11,42421689,195,37,
11,42421824,107,69,
11,42421835,36,34,
11,42422077,253,154,
11,42422113,27,4,
11,42422138,38,7,
11,42422548,41,7,
11,42422703,81,18,
11,42422880,9,0,
11,42422942,166,17,
11,42423253,286,66,
11,42423282,49,27,
11,42423409,725,192,
11,42423742,74,20,
11,42423753,40,11,
11,42423880,19,2,
11,42423988,117,48,
11,42424370,207,62,
11,42424508,268,89,
11,42424572,35,22,
11,42424879,119,31,
11,42424904,240,71,
11,42425000,17,2,
11,42425038,127,83,
11,42425139,162,45,
11,42425268,52,25,
11,42425339,311,144,
11,42425398,381,438,
11,42425489,47,8,
11,42425770,233,99,
11,42426284,712,102,
11,42426337,93,39,
11,42426412,29,13,
11,42426589,283,94,
11,42426657,69,109,
11,42427132,325,732,
11,42427169,193,71,
11,42427428,85,66,
11,42427812,8,0,
11,42427826,97,49,
11,42427888,840,262,
11,42427916,143,65,
11,42428162,118,115,
11,42428179,172,72,
11,42428256,98,90,
11,42428290,155,211,
11,42428332,35,11,
11,42428722,94,13,
11,42428838,60,30,
11,42429045,212,363,
11,42429197,252,137,
11,42429600,48,22,
11,42429606,413,206,
11,42429646,62,114,
11,42429672,116,27,
11,42430024,109,27,
11,42430080,80,38,
11,42430109,37,10,
11,42430184,206,176,
11,42430265,93,26,
11,42430296,37,34,
11,42430317,94,104,
11,42430450,683,573,
11,42430678,61,35,
11,42430804,53,7,
11,42431046,135,66,
11,42431090,345,394,
11,42431103,524,978,
11,42431186,305,112,
11,42431299,16,3,
11,42431361,107,73,
11,42431535,9,4,
11,42432004,182,71,
11,42432151,559,326,
11,42432374,247,146,
11,42432494,112,203,
11,42432631,60,29,
11,42432730,353,147,
11,42432736,114,146,
11,42432867,354,129,
11,42432914,582,327,
11,42432979,97,16,
11,42433044,788,543,
11,42433152,63,79,
11,42433199,175,65,
11,42433205,186,249,
11,42433404,58,18,
11,42433609,102,54,
11,42433734,38,29,
11,42433807,29,5,
11,42434232,23,26,
11,42434331,70,13,
11,42434440,45,8,
11,42434769,145,9,
11,42434947,287,212,
11,42435099,169,7,
11,42435127,85,25,
11,42435254,15,4,
11,42435267,51,12,
11,42435282,36,8,
11,42435531,7,1,
11,42435620,179,137,
11,42435621,71,105,
11,42435688,23,3,
11,42435972,560,299,
11,42436097,121,126,
11,42436440,199,52,
11,42436556,8,6,
11,42436570,88,85,
11,42436589,44,2,
11,42436672,14,0,
11,42436783,191,54,
11,42437070,75,18,
11,42437201,158,105,
11,42437276,15,0,
11,42437400,44,21,
11,42437460,7,0,
11,42437697,76,37,
11,42437816,10,1,
11,42437828,53,5,
11,42437974,9,2,
11,42438009,185,119,
11,42438063,133,83,
11,42438175,370,419,
11,42438431,163,63,
11,42438449,148,22,
11,42438767,298,46,
11,42438918,97,14,
11,42438966,26,5,
11,42439143,28,2,
11,42439456,31,22,
11,42439582,16,2,
11,42439654,31,53,
11,42439897,13,1,
11,42439921,113,141,
11,42439956,316,121,
11,42440016,185,31,
11,42440121,59,3,
11,42440185,66,24,
11,42440496,171,27,
11,42440723,15,0,
11,42440767,190,70,
11,42440886,541,267,
11,42440922,201,108,
11,42440930,21,2,
11,42441258,215,61,
11,42441307,12,6,
11,42441333,723,263,
11,42441502,272,321,
11,42441600,6,3,
11,42441609,131,148,
11,42441772,120,44,
11,42442054,19,0,
11,42442104,11,1,
11,42442354,405,78,
11,42442812,197,47,
11,42442820,11,0,
11,42442852,118,72,30
11,42443022,121,44,
11,42443210,42,10,
11,42443229,3090,250,
11,42443406,163,197,
11,42443456,25,53,
11,42443737,27,14,
11,42443870,104,27,
11,42443987,109,104,
11,42444083,31,4,
11,42444342,5,0,
11,42444535,22,1,
11,42444718,28,44,
11,42444817,166,360,
11,42444820,56,7,
11,42444821,30,4,
11,42444830,34,16,
11,42444856,108,8,
11,42444924,37,9,
11,42445037,643,655,
11,42445102,65,22,
11,42445239,110,24,
11,42445328,72,94,
11,42445508,183,46,
11,42445636,38,1,
11,42445820,19,26,
11,42445834,174,138,
11,42446153,18,2,
11,42446686,350,563,
11,42446846,269,62,
11,42446889,132,66,
11,42446980,11,12,
11,42447012,140,57,
11,42447053,224,49,
11,42447059,94,25,
11,42447071,289,150,
11,42447248,12,0,
11,42447332,19,5,
11,42447580,83,10,
11,42447628,45,5,
11,42447762,166,255,
11,42448184,160,23,
11,42448193,91,28,
11,42448639,24,3,
11,42448654,14,5,
11,42448913,169,42,
11,42448939,268,289,
11,42449026,12,1,
11,42449102,43,47,
11,42449158,6,3,
11,42449363,75,7,
11,42449424,244,116,
11,42449497,337,64,
11,42449588,157,91,
11,42449602,288,306,
11,42449647,59,31,
11,42449817,33,15,21
11,42449823,57,7,
11,42449915,31,47,
11,42449951,79,18,
11,42450002,4,2,
11,42450051,33,15,
11,42450213,66,115,
11,42450221,340,343,
11,42450223,63,2,
11,42450227,166,47,
11,42450232,101,9,
11,42450269,6,2,
11,42450274,40,23,
11,42450389,41,35,
11,42450413,450,1337,
11,42450487,18,7,15
11,42450592,6,0,
11,42450811,11,9,
11,42450913,57,16,
11,42450950,244,129,
11,42450963,82,79,
11,42450969,11,1,
11,42451010,44,3,
11,42451130,172,240,
11,42451135,208,176,
11,42451409,60,14,
11,42451447,12,2,
11,42451568,21,0,
11,42451640,22,7,
11,42451707,164,75,
11,42451968,147,97,9
11,42452057,3,0,
11,42452285,63,44,
11,42452344,10,2,
11,42452358,99,26,
11,42452527,45,89,
11,42452640,112,113,
11,42452983,3,0,
11,42453031,8,0,
11,42453036,8,11,
11,42453207,675,557,
11,42453341,534,374,
11,42453431,97,18,
11,42453650,55,14,
11,42453660,358,316,
11,42453743,53,49,
11,42453939,170,43,
11,42453996,9,0,
11,42454132,14,0,
11,42454139,44,29,
11,42454359,674,256,
11,42454405,328,304,
11,42454411,7,0,
11,42454421,5,0,
11,42454454,73,11,
11,42454481,7,0,
11,42454586,206,65,
11,42454723,67,56,
11,42454904,27,6,
11,42454929,399,330,
11,42454934,92,64,
11,42454994,9,6,10
11,42455214,19,12,
11,42455809,25,4,
11,42455928,18,2,
11,42455992,54,35,
11,42456048,19,12,
11,42456071,12,0,
11,42456109,6,0,
11,42456310,192,163,
11,42456339,6,1,
11,42456397,24,56,
11,42456417,64,12,
11,42456492,129,74,14
11,42456574,23,10,
11,42456585,165,78,
11,42456707,59,2,
11,42456715,100,26,
11,42456802,49,2,
11,42456998,45,22,
11,42457055,56,20,
11,42457178,142,139,
11,42457182,152,130,
11,42457186,10,1,
11,42457213,209,50,
11,42457282,13,9,
11,42457321,207,51,
11,42457342,9,8,
11,42457383,30,13,
11,42457436,129,135,
11,42457515,135,101,
11,42457539,4,0,
11,42457673,5,4,
11,42457712,150,30,
11,42457782,157,23,
11,42457787,16,6,
11,42457816,176,37,
11,42457820,53,9,
11,42458066,12,12,
11,42458429,65,39,
11,42458431,412,522,
11,42458599,166,105,
11,42458752,299,353,
11,42458861,12,0,
11,42460008,14,2,
11,42460107,16,3,
11,42460131,42,26,
11,42460132,85,78,
11,42460217,86,51,
11,42460494,80,5,
11,42460748,27,5,
11,42461258,14,0,
11,42461260,3,0,
11,42461264,201,186,
11,42461512,4,0,
11,42461530,558,373,
11,42461688,579,179,
11,42461860,105,9,
11,42461964,97,55,
11,42462078,77,33,19
11,42462189,10,6,
11,42462348,77,37,
11,42462354,108,16,
11,42462804,3,0,
11,42462863,23,10,
11,42463123,432,84,
11,42463170,41,39,
11,42463295,110,116,
11,42463315,342,74,
11,42463525,138,79,
11,42463943,19,3,
11,42464033,7,3,
11,42464138,92,105,
11,42464185,15,22,
11,42464310,216,84,
11,42464557,197,57,
11,42464559,38,0,
11,42464679,137,261,
11,42464850,9,4,15
11,42464966,156,162,
11,42465109,85,26,
11,42465168,3,0,
11,42465378,214,95,
11,42465535,264,202,
11,42465610,68,65,
11,42466507,36,2,
11,42466676,389,119,
11,42467194,884,272,
11,42467233,7,2,
11,42467236,57,53,
11,42467250,15,1,
11,42467308,54,60,
11,42467375,302,250,
11,42467449,67,33,
11,42467937,105,47,20
11,42468111,36,7,22
11,42468214,355,32,
11,42468318,512,99,
11,42468362,61,55,
11,42468402,30,21,7
11,42468461,9,6,
11,42468554,50,40,24
11,42468594,55,27,
11,42468664,29,17,
11,42469074,531,117,
11,42469264,176,468,
11,42469560,62,12,
11,42469945,5,0,
11,42469964,6,1,
11,42470001,36,27,27
11,42470040,170,97,
11,42470202,164,139,
11,42470238,29,5,
11,42470254,26,43,
11,42470541,606,109,
11,42470700,16,1,
11,42471654,4,5,
11,42471861,65,25,
11,42471913,295,66,
11,42471927,154,61,
11,42471933,55,5,
11,42472247,188,330,
11,42472384,56,20,
11,42472473,10,0,
11,42472519,109,24,28
11,42472617,14,1,
11,42472828,43,24,
11,42472847,16,3,
11,42473032,517,276,
11,42473282,30,2,
11,42473321,1625,1653,
11,42473834,34,6,
11,42474004,6,0,
11,42474022,5,0,
11,42474458,73,17,
11,42474943,7,1,
11,42475011,114,55,
11,42475228,205,119,
11,42475489,9,0,
11,42475526,60,31,
11,42475703,236,34,
11,42475798,96,30,29
11,42476185,11,2,
11,42476192,280,137,
11,42476209,40,6,
11,42476240,7,2,
11,42476828,522,183,
11,42476876,96,26,12
11,42476906,5,0,
11,42477226,5,0,
11,42477281,16,1,
11,42477463,7,0,
11,42477534,29,3,
11,42477564,48,41,
11,42477843,94,36,11
11,42477882,12,2,
11,42478000,3,0,
11,42478414,28,2,
11,42478654,24,22,
11,42478728,98,46,
11,42478811,5,0,
11,42478897,28,66,
11,42478911,36,5,
11,42478962,48,34,
11,42479014,6,0,
11,42479133,6,0,
11,42479233,409,161,6
11,42479327,24,0,
11,42479510,12,6,
11,42479537,4,0,
11,42479736,7,0,
11,42479866,170,37,
11,42480035,8,0,
11,42480083,6,5,
11,42480105,288,148,25
11,42480184,17,0,
11,42480617,15,3,
11,42480624,177,115,17
11,42480700,5,1,
11,42480706,41,36,
11,42480885,30,13,
11,42481206,287,43,5
11,42481249,93,39,18
11,42481295,6,0,
11,42481385,38,5,
11,42481609,8,0,
11,42481612,131,58,10
11,42481659,103,43,
11,42481668,79,34,
11,42481714,5,0,
11,42481813,94,21,13
11,42481816,11,4,
11,42481900,6,3,
11,42481982,30,13,
11,42482080,9,1,
11,42482195,6,0,
11,42482289,30,6,
11,42482509,21,7,
11,42482635,14,3,
11,42482684,27,12,
11,42482708,21,4,
11,42482829,189,79,4
11,42482841,9,5,
11,42482881,9,0,
11,42483031,22,0,
11,42483037,12,3,
11,42483175,32,2,23
11,42483239,14,2,
11,42483304,14,7,
11,42483310,6,3,
11,42483328,64,61,
11,42483367,11,0,
11,42483500,39,7,
11,42483522,10,1,
11,42483543,25,8,25
11,42483871,7,0,
11,42483895,209,70,8
11,42483997,4,0,
11,42484109,5,0,
11,42484139,105,34,2
11,42484527,83,21,1
11,42484538,13,0,
11,42484632,11,3,
11,42484911,36,7,3
11,42485004,12,3,
11,42485043,24,32,
11,42485124,21,1,7
11,42485126,6,0,19
11,42485365,5,0,
11,42485499,28,10,1
11,42485562,3,0,29
12,42421689,195,37,
12,42421824,107,69,
12,42421835,36,34,
12,42422077,253,154,
12,42422113,27,4,
12,42422138,38,7,
12,42422548,41,7,
12,42422703,81,18,
12,42422942,166,17,
12,42423253,286,66,
12,42423282,49,27,
12,42423409,725,192,
12,42423742,74,20,
12,42423753,40,11,
12,42423880,19,2,
12,42423988,117,48,
12,42424370,207,62,
12,42424508,268,89,
12,42424572,35,22,
12,42424879,119,31,
12,42424904,240,71,
12,42425000,17,2,
12,42425038,127,83,
12,42425139,162,45,
12,42425268,52,25,
12,42425339,311,144,
12,42425398,381,438,
12,42425489,47,8,
12,42425770,233,99,
12,42426284,712,102,
12,42426337,93,39,
12,42426412,29,13,
12,42426589,283,94,
12,42426657,69,109,
12,42427132,325,732,
12,42427169,193,71,
12,42427428,85,66,
12,42427812,8,0,
12,42427826,97,49,
12,42427888,840,262,
12,42427916,143,65,
12,42428162,118,115,
12,42428179,172,72,
12,42428256,98,90,
12,42428290,155,212,
12,42428332,35,11,
12,42428722,94,13,
12,42428838,60,30,
12,42429045,212,363,
12,42429197,252,137,
12,42429600,48,22,
12,42429606,413,206,
12,42429646,62,114,
12,42429672,116,27,
12,42430024,109,27,
12,42430080,80,38,
12,42430109,37,10,
12,42430184,206,176,
12,42430265,93,26,
12,42430296,37,34,
12,42430317,94,104,
12,42430450,684,573,
12,42430678,61,35,
12,42430804,53,7,
12,42431046,135,66,
12,42431090,345,394,
12,42431103,525,979,
12,42431186,305,112,
12,42431299,16,3,
12,42431361,107,73,
12,42432004,182,71,
12,42432151,559,326,
12,42432374,247,147,
12,42432494,112,203,
12,42432631,60,29,
12,42432730,353,147,
12,42432736,114,146,
12,42432867,354,129,
12,42432914,582,327,
12,42432979,97,16,
12,42433044,789,543,
12,42433152,63,79,
12,42433199,175,65,
12,42433205,186,249,
12,42433404,58,18,
12,42433609,102,54,
12,42433734,38,29,
12,42433807,29,5,
12,42434232,23,26,
12,42434331,70,13,
12,42434440,45,8,
12,42434769,145,9,
12,42434947,287,212,
12,42435099,169,7,
12,42435127,85,25,
12,42435254,15,4,
12,42435267,51,12,
12,42435282,36,8,
12,42435531,7,1,
12,42435620,179,137,
12,42435621,71,105,
12,42435688,23,3,
12,42435972,561,299,
12,42436097,121,126,
12,42436440,199,52,
12,42436556,8,6,
12,42436570,88,85,
12,42436589,44,2,
12,42436672,14,0,
12,42436783,191,54,
12,42437070,75,18,
12,42437201,158,105,
12,42437276,15,0,
12,42437400,44,21,
12,42437460,7,0,
12,42437697,76,37,
12,42437816,10,1,
12,42437828,53,5,
12,42437974,9,2,
12,42438009,185,119,
12,42438063,133,83,
12,42438175,370,419,
12,42438431,163,63,
12,42438449,148,22,
12,42438767,298,46,
12,42438918,97,14,
12,42438966,26,5,
12,42439143,28,2,
12,42439456,31,22,
12,42439582,16,2,
12,42439654,31,53,
12,42439897,13,1,
12,42439921,113,141,
12,42439956,316,121,
12,42440016,185,31,
12,42440121,59,3,
12,42440185,66,24,
12,42440496,171,27,
12,42440723,15,0,
12,42440767,190,70,
12,42440886,541,267,
12,42440922,201,108,
12,42440930,21,2,
12,42441258,215,61,
12,42441307,12,6,
12,42441333,723,263,
12,42441502,272,321,
12,42441600,6,3,
12,42441609,132,150,
12,42441772,120,44,
12,42442054,19,0,
12,42442104,11,1,
12,42442354,405,78,
12,42442812,197,47,
12,42442820,11,0,
12,42442852,118,72,
12,42443022,121,44,
12,42443210,42,10,
12,42443229,3091,250,
12,42443406,163,197,
12,42443456,25,53,
12,42443737,27,14,
12,42443870,104,27,
12,42443987,109,104,
12,42444083,31,4,
12,42444342,5,0,
12,42444535,22,1,
12,42444817,166,360,
12,42444820,56,7,
12,42444821,30,4,
12,42444830,34,16,
12,42444856,108,8,
12,42444924,37,9,
12,42445037,643,655,
12,42445102,65,23,
12,42445239,110,24,
12,42445328,72,94,
12,42445508,183,46,
12,42445636,38,1,
12,42445820,19,26,
12,42445834,174,138,
12,42446153,18,2,
12,42446686,350,565,
12,42446846,269,62,
12,42446889,132,66,
12,42446980,11,12,
12,42447012,140,57,
12,42447053,224,49,
12,42447059,94,25,
12,42447071,289,150,
12,42447248,12,0,
12,42447332,19,5,
12,42447580,83,10,
12,42447628,46,5,
12,42447762,166,255,
12,42448184,160,23,
12,42448193,91,28,
12,42448639,24,3,
12,42448654,14,5,
12,42448913,169,42,
12,42448939,268,289,
12,42449026,12,1,
12,42449102,43,47,
12,42449158,6,3,
12,42449363,75,7,
12,42449424,244,116,
12,42449497,337,64,
12,42449588,157,91,
12,42449602,288,306,
12,42449647,59,31,
12,42449817,37,14,22
12,42449823,57,7,
12,42449915,31,47,
12,42449951,79,19,
12,42450002,4,2,
12,42450051,33,15,
12,42450213,66,115,
12,42450221,340,343,
12,42450223,63,2,
12,42450227,166,47,
12,42450232,101,9,
12,42450269,6,2,
12,42450274,40,23,
12,42450389,41,37,
12,42450413,451,1337,
12,42450487,18,7,
12,42450592,6,0,
12,42450811,11,9,
12,42450913,57,16,
12,42450950,244,129,
12,42450963,82,79,
12,42450969,11,1,
12,42451010,44,3,
12,42451130,172,240,
12,42451135,210,177,
12,42451409,60,14,
12,42451447,12,2,
12,42451568,21,0,
12,42451640,23,7,
12,42451707,164,75,
12,42451968,156,107,11
12,42452057,3,0,
12,42452285,63,44,
12,42452344,10,2,
12,42452358,99,26,
12,42452527,45,89,
12,42452640,114,113,
12,42452983,3,0,
12,42453031,8,0,
12,42453036,8,11,
12,42453207,675,557,
12,42453341,536,374,
12,42453431,97,18,
12,42453650,55,15,
12,42453660,358,316,
12,42453743,53,49,
12,42453939,170,43,
12,42453996,9,0,
12,42454132,14,0,
12,42454139,44,29,
12,42454359,674,256,
12,42454405,329,304,
12,42454411,7,0,
12,42454421,5,0,
12,42454454,73,11,
12,42454481,7,0,
12,42454586,206,65,
12,42454723,67,56,
12,42454904,27,6,
12,42454929,399,330,
12,42454934,92,64,
12,42454994,13,9,12
12,42455214,19,12,
12,42455809,25,4,
12,42455928,18,2,
12,42455992,54,35,
12,42456048,20,12,
12,42456071,12,0,
12,42456109,6,0,
12,42456310,192,163,
12,42456339,6,1,
12,42456397,24,57,
12,42456417,64,12,
12,42456492,136,76,16
12,42456574,23,10,
12,42456585,165,78,
12,42456707,59,2,
12,42456715,100,26,
12,42456802,49,2,
12,42456998,45,22,
12,42457055,56,20,
12,42457178,142,139,
12,42457182,152,130,
12,42457186,10,1,
12,42457213,209,50,
12,42457282,13,9,
12,42457321,207,51,
12,42457342,9,9,
12,42457383,31,13,
12,42457387,7,1,13
12,42457436,129,135,
12,42457515,135,101,
12,42457539,4,0,
12,42457673,5,4,
12,42457712,150,30,
12,42457782,157,23,
12,42457787,16,6,
12,42457816,176,37,
12,42457820,53,9,
12,42458066,12,12,
12,42458429,65,39,
12,42458431,414,522,
12,42458599,166,105,
12,42458752,299,353,
12,42458861,12,0,
12,42460008,14,2,
12,42460107,16,3,
12,42460131,42,26,
12,42460132,85,78,
12,42460217,87,55,
12,42460494,80,5,
12,42460748,27,6,
12,42461258,14,0,
12,42461260,3,0,
12,42461264,201,190,
12,42461512,4,0,
12,42461530,559,373,
12,42461688,579,179,
12,42461860,105,9,
12,42461964,97,55,
12,42462078,79,33,27
12,42462189,10,6,
12,42462348,77,37,
12,42462354,108,16,
12,42462804,3,0,
12,42462863,23,10,
12,42463123,433,84,
12,42463295,110,116,
12,42463315,342,74,
12,42463525,138,79,
12,42463943,19,3,
12,42464033,7,3,
12,42464138,92,105,
12,42464185,15,22,
12,42464310,216,84,
12,42464557,197,57,
12,42464559,38,0,
12,42464679,137,262,
12,42464850,21,8,11
12,42464966,156,162,
12,42465109,85,26,
12,42465168,3,0,
12,42465378,214,95,
12,42465535,264,202,
12,42465610,68,65,
12,42466507,37,2,
12,42466676,389,119,
12,42467194,885,272,
12,42467233,7,2,
12,42467236,57,53,
12,42467250,15,1,
12,42467308,54,62,
12,42467375,302,250,
12,42467449,68,33,
12,42467937,108,48,24
12,42468111,38,8,
12,42468214,355,32,
12,42468318,512,99,
12,42468362,61,55,
12,42468402,37,34,8
12,42468461,9,6,
12,42468554,51,41,
12,42468594,55,27,
12,42468664,29,17,
12,42469074,531,117,
12,42469264,176,469,
12,42469560,62,12,
12,42469945,5,0,
12,42469964,6,1,
12,42470001,36,29,
12,42470040,172,99,
12,42470202,164,139,
12,42470238,29,5,
12,42470254,26,43,
12,42470541,608,109,
12,42470700,16,1,
12,42471654,4,5,
12,42471861,65,25,
12,42471913,296,66,
12,42471927,154,61,
12,42471933,55,5,
12,42472247,188,330,
12,42472384,56,20,
12,42472473,10,0,
12,42472519,113,24,29
12,42472617,14,1,
12,42472828,43,24,
12,42472847,16,3,
12,42473032,517,278,
12,42473282,30,2,
12,42473321,1627,1660,
12,42473834,34,6,
12,42474004,6,0,
12,42474022,5,0,
12,42474458,73,18,
12,42474943,7,1,
12,42475011,114,55,
12,42475228,205,119,
12,42475489,9,0,
12,42475526,60,31,
12,42475703,236,34,
12,42475798,99,30,30
12,42476185,11,2,
12,42476192,280,140,
12,42476209,40,6,
12,42476240,7,2,
12,42476828,522,184,
12,42476876,103,31,14
12,42476906,5,0,
12,42477226,5,0,
12,42477281,16,1,
12,42477463,7,0,
12,42477534,29,3,
12,42477564,48,41,
12,42477843,100,38,18
12,42477882,12,2,
12,42478000,3,0,
12,42478414,28,2,
12,42478654,24,22,
12,42478728,98,46,
12,42478811,5,0,
12,42478897,28,66,
12,42478911,36,5,
12,42478962,48,35,
12,42479014,6,0,
12,42479133,6,0,
12,42479233,414,162,9
12,42479327,24,0,
12,42479510,12,6,
12,42479537,4,0,
12,42479736,7,0,
12,42479866,170,37,
12,42480035,8,0,
12,42480083,6,5,
12,42480105,294,151,28
12,42480184,17,0,
12,42480617,15,3,
12,42480624,178,116,20
12,42480700,5,1,
12,42480706,41,36,
12,42480885,30,13,
12,42481206,304,44,6
12,42481249,99,41,23
12,42481295,6,0,
12,42481385,38,5,
12,42481609,8,0,
12,42481612,134,58,16
12,42481659,106,43,
12,42481668,80,34,
12,42481714,5,0,
12,42481813,96,24,19
12,42481816,11,4,
12,42481900,6,3,
12,42481982,30,13,
12,42482080,9,1,
12,42482289,30,6,
12,42482509,21,7,
12,42482635,14,3,
12,42482684,29,12,
12,42482708,21,4,
12,42482829,198,81,7
12,42482841,10,5,
12,42482881,9,0,
12,42483031,22,1,
12,42483037,12,3,
12,42483175,33,2,26
12,42483239,14,2,
12,42483304,14,7,
12,42483310,6,3,
12,42483328,65,64,
12,42483367,11,0,
12,42483500,43,7,
12,42483522,10,1,
12,42483543,27,11,25
12,42483871,10,0,
12,42483895,224,73,14
12,42483997,4,0,
12,42484109,5,0,
12,42484139,112,37,4
12,42484527,88,21,2
12,42484538,14,0,
12,42484632,11,3,
12,42484911,41,8,5
12,42485004,13,4,
12,42485043,25,33,
12,42485124,89,11,2
12,42485126,21,3,5
12,42485365,5,0,
12,42485499,42,24,1
12,42485562,11,2,20
13,42421689,196,37,
13,42421824,107,69,
13,42421835,36,34,
13,42422077,253,154,
13,42422113,27,4,
13,42422138,38,7,
13,42422548,41,7,
13,42422703,81,18,
13,42422942,166,17,
13,42423253,286,66,
13,42423282,49,27,
13,42423409,725,192,
13,42423742,74,20,
13,42423753,40,11,
13,42423880,19,2,
13,42423988,117,48,
13,42424370,207,62,
13,42424508,268,89,
13,42424572,35,22,
13,42424879,119,31,
13,42424904,240,71,
13,42425000,17,2,
13,42425038,127,83,
13,42425139,162,45,
13,42425268,52,25,
13,42425339,311,144,
13,42425398,381,438,
13,42425489,47,8,
13,42425770,235,99,
13,42426284,712,102,
13,42426337,93,39,
13,42426412,29,13,
13,42426589,283,94,
13,42426657,69,109,
13,42427132,325,732,
13,42427169,193,71,
13,42427428,85,66,
13,42427812,8,0,
13,42427826,97,49,
13,42427888,841,262,
13,42427916,143,65,
13,42428162,118,115,
13,42428179,172,72,
13,42428256,98,90,
13,42428290,156,213,
13,42428332,35,11,
13,42428722,94,13,
13,42428838,60,30,
13,42429045,212,363,
13,42429197,252,137,
13,42429600,48,22,
13,42429606,413,206,
13,42429646,62,114,
13,42429672,116,27,
13,42430024,109,27,
13,42430080,80,38,
13,42430109,37,10,
13,42430184,206,176,
13,42430265,93,26,
13,42430296,37,34,
13,42430317,94,104,
13,42430450,684,573,
13,42430678,61,35,
13,42430804,53,7,
13,42431046,135,66,
13,42431090,345,394,
13,42431103,525,979,
13,42431186,305,112,
13,42431299,16,3,
13,42431361,107,73,
13,42432004,182,71,
13,42432151,559,326,
13,42432374,247,147,
13,42432494,112,203,
13,42432631,60,29,
13,42432730,353,147,
13,42432736,114,146,
13,42432867,354,129,
13,42432914,582,327,
13,42432979,97,16,
13,42433044,790,543,
13,42433152,63,79,
13,42433199,175,65,
13,42433205,186,249,
13,42433404,58,18,
13,42433609,102,54,
13,42433734,38,29,
13,42433807,29,5,
13,42434232,23,26,
13,42434331,70,13,
13,42434440,45,8,
13,42434769,145,9,
13,42434947,287,212,
13,42435099,169,7,
13,42435127,86,25,
13,42435254,15,4,
13,42435267,51,12,
13,42435282,36,8,
13,42435531,7,1,
13,42435620,179,137,
13,42435621,71,105,
13,42435688,23,3,
13,42435972,561,299,
13,42436097,122,126,
13,42436440,199,52,
13,42436556,8,6,
13,42436570,88,85,
13,42436589,44,2,
13,42436672,14,0,
13,42436783,191,54,
13,42437070,75,18,
13,42437201,159,105,
13,42437276,15,0,
13,42437400,44,21,
13,42437460,7,0,
13,42437697,76,37,
13,42437816,10,1,
13,42437828,53,5,
13,42437974,9,2,
13,42438009,185,119,
13,42438063,133,83,
13,42438175,370,419,
13,42438431,163,63,
13,42438449,148,22,
13,42438767,298,46,
13,42438918,97,14,
13,42438966,26,5,
13,42439143,28,2,
13,42439456,31,22,
13,42439582,16,2,
13,42439654,31,53,
13,42439897,13,1,
13,42439921,113,141,
13,42439956,317,121,
13,42440016,185,31,
13,42440121,59,3,
13,42440185,66,24,
13,42440496,171,27,
13,42440723,15,0,
13,42440767,190,70,
13,42440886,541,267,
13,42440922,201,108,
13,42440930,21,2,
13,42441258,215,61,
13,42441307,12,6,
13,42441333,723,263,
13,42441502,272,321,
13,42441600,6,3,
13,42441609,133,154,
13,42441772,121,44,
13,42442054,19,0,
13,42442104,11,1,
13,42442354,405,78,
13,42442812,197,47,
13,42442820,11,0,
13,42442852,118,72,
13,42443022,121,44,
13,42443210,43,10,
13,42443229,3092,250,
13,42443406,163,197,
13,42443456,25,53,
13,42443737,27,14,
13,42443870,104,27,
13,42443987,109,104,
13,42444083,31,4,
13,42444342,5,0,
13,42444535,22,1,
13,42444817,166,360,
13,42444820,56,7,
13,42444821,30,4,
13,42444830,34,16,
13,42444856,108,8,
13,42444924,37,9,
13,42445037,643,655,
13,42445102,65,23,
13,42445239,110,24,
13,42445328,73,94,
13,42445508,183,46,
13,42445636,38,1,
13,42445820,19,26,
13,42445834,174,138,
13,42446153,18,2,
13,42446686,351,566,
13,42446846,269,62,
13,42446889,132,66,
13,42446980,11,12,
13,42447012,140,57,
13,42447053,225,49,
13,42447059,94,25,
13,42447071,289,150,
13,42447248,12,0,
13,42447332,20,5,
13,42447580,84,10,
13,42447628,46,5,
13,42447762,166,255,
13,42448184,160,23,
13,42448193,91,28,
13,42448639,24,3,
13,42448654,14,5,
13,42448913,169,42,
13,42448939,268,289,
13,42449026,12,1,
13,42449102,43,47,
13,42449158,6,3,
13,42449363,75,7,
13,42449424,244,116,
13,42449497,337,64,
13,42449588,157,91,
13,42449602,288,306,
13,42449647,59,31,
13,42449817,39,14,23
13,42449823,57,7,
13,42449915,31,47,
13,42449951,80,19,
13,42450002,4,2,
13,42450051,33,15,
13,42450213,66,115,
13,42450221,341,344,
13,42450223,64,2,
13,42450227,167,47,
13,42450232,101,9,
13,42450269,6,2,
13,42450274,41,23,
13,42450389,41,37,
13,42450413,451,1337,
13,42450487,19,7,
13,42450592,6,0,
13,42450811,11,9,
13,42450913,58,16,
13,42450950,244,129,
13,42450963,83,79,
13,42450969,11,1,
13,42451010,44,3,
13,42451130,172,240,
13,42451135,212,182,
13,42451327,21,8,6
13,42451409,60,14,
13,42451447,12,2,
13,42451568,21,0,
13,42451640,24,7,
13,42451707,164,75,
13,42451968,163,115,13
13,42452057,3,0,
13,42452285,63,44,
13,42452344,10,2,
13,42452358,99,26,
13,42452527,45,89,
13,42452640,116,114,
13,42452983,3,0,
13,42453031,8,0,
13,42453036,8,11,
13,42453207,675,557,
13,42453341,536,374,
13,42453431,97,18,
13,42453650,55,15,
13,42453660,359,316,
13,42453743,53,49,
13,42453939,170,43,
13,42453996,9,0,
13,42454132,14,0,
13,42454139,44,29,
13,42454359,675,256,
13,42454405,329,304,
13,42454411,7,0,
13,42454421,5,0,
13,42454454,73,11,
13,42454481,7,0,
13,42454586,206,65,
13,42454723,67,56,
13,42454904,27,6,
13,42454929,399,330,
13,42454934,92,64,
13,42454994,15,12,10
13,42455214,19,12,
13,42455809,25,4,
13,42455928,18,2,
13,42455992,54,35,
13,42456048,22,12,
13,42456071,12,0,
13,42456109,7,0,
13,42456310,192,163,
13,42456339,6,1,
13,42456417,65,12,
13,42456492,148,81,12
13,42456574,23,10,
13,42456585,165,78,
13,42456707,59,2,
13,42456715,100,26,
13,42456802,50,2,
13,42456998,45,22,
13,42457055,56,20,
13,42457178,142,139,
13,42457182,152,130,
13,42457186,10,1,
13,42457213,209,50,
13,42457282,13,9,
13,42457321,207,51,
13,42457342,10,9,
13,42457383,31,13,
13,42457387,8,1,13
13,42457436,129,135,
13,42457515,135,101,
13,42457539,4,0,
13,42457673,5,4,
13,42457712,150,30,
13,42457782,157,23,
13,42457787,16,6,
13,42457816,177,37,
13,42457820,53,9,
13,42458066,12,12,
13,42458429,65,39,
13,42458431,414,522,
13,42458599,166,105,
13,42458752,299,353,
13,42458861,12,0,
13,42460008,14,2,
13,42460107,16,3,
13,42460131,42,26,
13,42460132,85,78,
13,42460217,87,55,
13,42460494,80,5,
13,42460748,29,7,
13,42461258,14,0,
13,42461260,3,0,
13,42461264,201,190,
13,42461512,4,0,
13,42461530,560,373,
13,42461688,579,179,
13,42461860,105,9,
13,42461964,97,55,
13,42462078,88,36,28
13,42462189,10,6,
13,42462348,77,37,
13,42462354,108,16,
13,42462804,3,0,
13,42462863,23,10,
13,42463123,433,84,
13,42463295,110,116,
13,42463315,342,74,
13,42463525,138,79,
13,42463943,19,3,
13,42464033,7,3,
13,42464138,93,105,
13,42464185,15,22,
13,42464310,217,84,
13,42464557,197,57,
13,42464559,38,0,
13,42464679,137,262,
13,42464850,34,15,8
13,42464966,156,162,
13,42465109,85,26,
13,42465168,3,0,
13,42465378,214,95,
13,42465535,265,202,
13,42465610,68,65,
13,42466507,39,2,
13,42466676,389,119,
13,42467194,885,272,
13,42467233,7,2,
13,42467236,57,53,
13,42467250,15,1,
13,42467308,54,62,
13,42467375,302,250,
13,42467449,68,33,
13,42467937,114,49,24
13,42468111,38,8,
13,42468214,355,32,
13,42468318,512,99,
13,42468362,61,55,
13,42468402,43,47,
13,42468554,52,41,
13,42468594,55,27,
13,42468664,29,17,
13,42469074,531,117,
13,42469264,176,469,
13,42469560,62,12,
13,42469945,5,0,
13,42469964,6,1,
13,42470001,36,30,
13,42470040,173,101,
13,42470202,164,139,
13,42470238,30,5,
13,42470254,26,43,
13,42470541,610,112,
13,42470700,17,1,
13,42471654,4,5,
13,42471861,66,25,
13,42471913,297,66,
13,42471927,154,61,
13,42471933,55,5,
13,42472247,188,330,
13,42472384,56,22,
13,42472473,10,0,
13,42472519,115,24,30
13,42472617,14,1,
13,42472828,43,24,
13,42472847,16,3,
13,42473032,518,278,
13,42473282,30,2,
13,42473321,1631,1664,
13,42473834,34,6,
13,42474004,6,0,
13,42474022,5,0,
13,42474458,75,18,
13,42474943,7,1,
13,42475011,114,55,
13,42475228,205,119,
13,42475489,9,0,
13,42475526,60,31,
13,42475703,237,34,
13,42475798,100,30,
13,42476185,11,2,
13,42476192,281,141,
13,42476209,40,6,
13,42476240,7,2,
13,42476828,526,185,
13,42476876,105,33,12
13,42476906,5,0,
13,42477226,5,0,
13,42477281,16,1,
13,42477463,7,0,
13,42477534,29,3,
13,42477564,48,41,
13,42477843,107,39,16
13,42477882,12,2,
13,42478000,3,0,
13,42478414,28,2,
13,42478654,24,22,
13,42478728,98,47,
13,42478811,5,0,
13,42478897,28,66,
13,42478911,36,5,
13,42478962,48,35,
13,42479014,6,0,
13,42479133,6,0,
13,42479233,417,163,9
13,42479327,24,0,
13,42479510,12,6,
13,42479537,4,0,
13,42479736,7,0,
13,42479866,170,37,
13,42480035,8,0,
13,42480083,6,5,
13,42480105,309,154,27
13,42480184,17,0,
13,42480617,15,3,
13,42480624,185,116,21
13,42480700,5,1,
13,42480706,41,36,
13,42480885,31,13,
13,42481206,317,46,5
13,42481249,104,42,22
13,42481295,6,0,
13,42481385,41,5,
13,42481609,8,0,
13,42481612,137,58,16
13,42481659,107,43,
13,42481668,83,34,
13,42481714,5,0,
13,42481813,99,25,19
13,42481816,11,4,
13,42481900,6,3,
13,42481982,30,13,
13,42482080,9,1,
13,42482289,31,6,
13,42482509,21,7,
13,42482635,15,3,
13,42482684,29,12,
13,42482708,22,4,
13,42482829,201,82,6
13,42482841,10,5,
13,42482881,9,0,
13,42483031,25,2,
13,42483037,12,3,
13,42483175,35,2,26
13,42483239,14,3,
13,42483304,14,7,
13,42483310,6,3,
13,42483328,66,68,
13,42483367,12,0,
13,42483500,47,7,
13,42483522,10,1,
13,42483543,29,11,25
13,42483871,12,0,
13,42483895,242,76,14
13,42483997,4,0,
13,42484109,6,0,
13,42484139,121,41,3
13,42484527,101,22,2
13,42484538,14,0,
13,42484632,12,3,
13,42484724,5,1,
13,42484911,50,8,4
13,42485007,4,0,
13,42485043,25,33,
13,42485124,193,48,1
13,42485126,24,6,7
13,42485160,54,23,3
13,42485365,5,0,
13,42485499,46,25,11
13,42485562,24,19,15
13,42485647,9,15,22
13,42485938,29,23,7
14,42421689,196,37,
14,42421824,107,69,
14,42421835,36,34,
14,42422077,253,154,
14,42422113,27,4,
14,42422138,38,7,
14,42422548,41,7,
14,42422703,81,18,
14,42422942,166,17,
14,42423253,286,66,
14,42423282,49,27,
14,42423409,725,192,
14,42423742,74,20,
14,42423753,40,11,
14,42423880,19,2,
14,42423988,117,48,
14,42424370,207,62,
14,42424508,268,89,
14,42424572,35,22,
14,42424879,119,31,
14,42424904,240,71,
14,42425000,17,2,
14,42425038,127,83,
14,42425139,162,45,
14,42425268,52,25,
14,42425339,311,144,
14,42425398,381,438,
14,42425489,47,8,
14,42425770,236,99,
14,42426284,712,102,
14,42426337,93,39,
14,42426412,29,13,
14,42426589,283,94,
14,42426657,69,109,
14,42427132,325,732,
14,42427169,193,71,
14,42427428,85,66,
14,42427812,8,0,
14,42427826,97,49,
14,42427888,841,262,
14,42427916,143,65,
14,42428162,118,115,
14,42428179,172,72,
14,42428256,98,90,
14,42428290,156,213,
14,42428332,35,11,
14,42428722,94,13,
14,42428838,60,30,
14,42429045,212,363,
14,42429197,252,137,
14,42429600,48,22,
14,42429606,413,206,
14,42429646,62,114,
14,42429672,116,27,
14,42430024,109,27,
14,42430080,80,38,
14,42430109,37,10,
14,42430184,206,176,
14,42430265,93,26,
14,42430296,37,34,
14,42430317,94,104,
14,42430450,684,573,
14,42430678,61,35,
14,42430804,53,7,
14,42431046,135,66,
14,42431090,346,394,
14,42431103,526,979,
14,42431186,305,112,
14,42431299,16,3,
14,42431361,108,73,
14,42432004,182,71,
14,42432151,559,326,
14,42432374,247,147,
14,42432494,112,203,
14,42432631,60,29,
14,42432730,353,147,
14,42432736,114,146,
14,42432867,354,129,
14,42432914,582,327,
14,42432979,97,16,
14,42433044,790,543,
14,42433152,63,79,
14,42433199,175,65,
14,42433205,186,249,
14,42433404,58,18,
14,42433609,102,54,
14,42433734,38,29,
14,42433807,29,5,
14,42434232,23,26,
14,42434331,70,13,
14,42434440,45,8,
14,42434769,145,9,
14,42434947,287,212,
14,42435099,169,7,
14,42435127,86,25,
14,42435254,15,4,
14,42435267,51,12,
14,42435282,36,9,
14,42435531,7,1,
14,42435620,179,137,
14,42435621,71,105,
14,42435688,23,3,
14,42435972,561,299,
14,42436097,122,126,
14,42436440,199,52,
14,42436556,8,6,
14,42436570,88,85,
14,42436589,44,2,
14,42436672,14,0,
14,42436783,191,54,
14,42437070,75,18,
14,42437201,159,106,
14,42437276,15,0,
14,42437400,44,21,
14,42437460,7,0,
14,42437697,76,37,
14,42437816,10,1,
14,42437828,53,5,
14,42437974,9,2,
14,42438009,185,119,
14,42438063,133,83,
14,42438175,370,419,
14,42438431,163,63,
14,42438449,148,22,
14,42438767,298,46,
14,42438918,97,14,
14,42438966,26,5,
14,42439143,28,2,
14,42439456,31,22,
14,42439582,16,2,
14,42439654,31,56,
14,42439897,13,1,
14,42439921,113,141,
14,42439956,317,121,
14,42440016,185,31,
14,42440121,59,3,
14,42440185,66,24,
14,42440496,172,27,
14,42440723,15,0,
14,42440767,190,70,
14,42440886,541,267,
14,42440922,201,108,
14,42440930,21,2,
14,42441258,215,61,
14,42441307,12,6,
14,42441333,723,263,
14,42441502,272,321,
14,42441600,6,3,
14,42441609,135,156,
14,42441772,121,44,
14,42442054,19,0,
14,42442104,11,1,
14,42442354,405,78,
14,42442812,197,48,
14,42442820,11,0,
14,42442852,119,73,
14,42443022,121,44,
14,42443210,44,10,
14,42443229,3094,250,
14,42443406,163,197,
14,42443456,25,53,
14,42443737,27,14,
14,42443870,104,27,
14,42443987,109,104,
14,42444083,31,4,
14,42444342,5,0,
14,42444535,22,1,
14,42444718,28,44,
14,42444817,166,360,
14,42444820,56,7,
14,42444821,30,4,
14,42444830,34,16,
14,42444856,108,8,
14,42444924,37,9,
14,42445037,643,655,
14,42445102,67,23,
14,42445239,110,24,
14,42445328,73,94,
14,42445508,183,46,
14,42445636,38,1,
14,42445820,19,26,
14,42445834,174,138,
14,42446153,18,2,
14,42446686,353,568,
14,42446846,269,62,
14,42446889,132,66,
14,42446980,11,12,
14,42447012,140,57,
14,42447053,225,49,
14,42447059,94,25,
14,42447071,289,150,
14,42447248,12,0,
14,42447332,20,5,
14,42447580,84,10,
14,42447628,47,5,
14,42447762,166,255,
14,42448184,160,23,
14,42448193,91,28,
14,42448639,24,3,
14,42448654,14,5,
14,42448913,169,42,
14,42448939,268,289,
14,42449026,12,1,
14,42449102,43,47,
14,42449158,6,3,
14,42449363,75,7,
14,42449424,244,116,
14,42449497,337,64,
14,42449588,157,91,
14,42449602,288,306,
14,42449647,59,31,
14,42449817,42,14,25
14,42449823,57,7,
14,42449915,31,47,
14,42449951,80,19,
14,42450002,4,2,
14,42450051,33,15,
14,42450213,66,115,
14,42450221,341,346,
14,42450223,64,2,
14,42450227,167,47,
14,42450232,101,9,
14,42450269,6,2,
14,42450274,41,23,
14,42450389,41,37,
14,42450413,451,1337,
14,42450487,19,8,
14,42450592,6,0,
14,42450811,11,9,
14,42450913,58,16,
14,42450950,244,129,
14,42450963,83,79,
14,42450969,11,1,
14,42451010,44,3,
14,42451130,172,240,
14,42451135,228,201,10
14,42451327,45,34,2
14,42451409,60,14,
14,42451447,12,2,
14,42451568,21,0,
14,42451640,24,7,
14,42451707,164,75,
14,42451968,176,117,14
14,42452057,3,0,
14,42452285,63,44,
14,42452344,10,2,
14,42452358,99,26,
14,42452527,45,89,
14,42452640,132,120,12
14,42452983,3,0,
14,42453031,8,0,
14,42453036,8,11,
14,42453207,675,557,
14,42453341,536,374,
14,42453431,97,18,
14,42453650,55,15,
14,42453660,359,316,
14,42453743,53,49,
14,42453939,170,43,
14,42453996,9,0,
14,42454132,14,0,
14,42454139,44,29,
14,42454359,675,256,
14,42454405,329,304,
14,42454411,7,0,
14,42454421,5,0,
14,42454454,73,11,
14,42454481,7,0,
14,42454586,206,65,
14,42454723,67,56,
14,42454904,27,6,
14,42454929,399,330,
14,42454934,92,64,
14,42454994,19,13,27
14,42455214,19,12,
14,42455809,25,4,
14,42455928,18,2,
14,42455992,54,35,
14,42456048,24,12,
14,42456071,12,0,
14,42456109,7,0,
14,42456310,192,163,
14,42456339,6,1,
14,42456417,65,12,
14,42456492,160,82,14
14,42456574,23,10,
14,42456585,165,78,
14,42456707,59,2,
14,42456715,100,26,
14,42456802,50,2,
14,42456998,45,22,
14,42457055,56,20,
14,42457178,142,139,
14,42457182,152,130,
14,42457186,10,1,
14,42457213,209,50,
14,42457282,13,9,
14,42457321,207,51,
14,42457342,10,9,
14,42457383,32,14,
14,42457387,9,1,19
14,42457436,129,135,
14,42457515,135,101,
14,42457539,4,0,
14,42457673,5,4,
14,42457712,150,30,
14,42457782,157,23,
14,42457787,16,6,
14,42457816,177,37,
14,42457820,54,9,
14,42458066,12,12,
14,42458429,66,39,
14,42458431,414,524,
14,42458599,166,105,
14,42458752,299,353,
14,42458861,12,0,
14,42460008,14,2,
14,42460107,16,3,
14,42460131,42,26,
14,42460132,85,78,
14,42460217,89,55,
14,42460494,80,5,
14,42460748,29,7,
14,42461258,14,0,
14,42461260,3,0,
14,42461264,201,191,
14,42461512,4,0,
14,42461530,560,373,
14,42461688,579,179,
14,42461860,105,9,
14,42461964,97,55,
14,42462078,91,36,
14,42462189,10,6,
14,42462348,77,37,
14,42462354,108,16,
14,42462804,3,0,
14,42462863,23,10,
14,42463123,433,84,
14,42463295,110,116,
14,42463315,342,74,
14,42463525,138,79,
14,42463943,19,3,
14,42464033,7,3,
14,42464138,94,105,
14,42464185,15,22,
14,42464310,217,84,
14,42464557,197,57,
14,42464559,38,0,
14,42464679,137,262,
14,42464850,38,19,7
14,42464966,156,162,
14,42465109,85,26,
14,42465168,3,0,
14,42465378,214,95,
14,42465535,265,202,
14,42465610,68,65,
14,42466507,39,2,
14,42466676,389,119,
14,42467194,886,272,
14,42467233,7,2,
14,42467236,57,53,
14,42467250,15,1,
14,42467308,54,62,
14,42467375,302,250,
14,42467449,68,33,
14,42467937,116,52,28
14,42468111,40,8,
14,42468214,355,32,
14,42468318,512,99,
14,42468362,61,55,
14,42468402,50,58,9
14,42468554,52,41,
14,42468594,55,27,
14,42468664,29,17,
14,42469074,531,117,
14,42469264,176,469,
14,42469560,62,12,
14,42469945,5,0,
14,42469964,6,1,
14,42470001,38,32,
14,42470040,177,105,
14,42470202,164,139,
14,42470238,30,5,
14,42470254,26,44,
14,42470541,612,112,
14,42470700,17,1,
14,42471654,4,5,
14,42471861,66,25,
14,42471913,297,66,
14,42471927,154,61,
14,42471933,55,5,
14,42472247,189,330,
14,42472384,59,22,
14,42472473,10,0,
14,42472519,116,25,
14,42472617,14,1,
14,42472828,43,24,
14,42472847,16,3,
14,42473032,518,282,
14,42473282,30,2,
14,42473321,1633,1667,
14,42473834,34,6,
14,42474004,6,0,
14,42474022,5,0,
14,42474458,75,18,
14,42474943,7,1,
14,42475011,114,55,
14,42475228,205,119,
14,42475489,9,0,
14,42475526,60,31,
14,42475703,237,34,
14,42475798,101,30,
14,42476185,11,2,
14,42476192,282,142,
14,42476209,40,6,
14,42476240,7,2,
14,42476828,526,185,
14,42476876,112,34,13
14,42476906,5,0,
14,42477226,5,0,
14,42477281,16,1,
14,42477463,7,0,
14,42477534,30,3,
14,42477564,48,41,
14,42477843,108,40,18
14,42477882,12,2,
14,42478000,3,0,
14,42478414,28,2,
14,42478654,24,22,
14,42478728,98,47,
14,42478897,28,66,
14,42478911,36,6,
14,42478962,49,35,
14,42479014,6,0,
14,42479103,6,1,7
14,42479133,6,0,
14,42479233,422,165,11
14,42479327,24,0,
14,42479510,12,6,
14,42479537,4,0,
14,42479736,7,0,
14,42479866,171,37,
14,42480035,8,0,
14,42480083,6,5,
14,42480105,313,155,20
14,42480184,17,0,
14,42480617,15,3,
14,42480624,188,116,23
14,42480700,5,1,
14,42480706,41,36,
14,42480885,31,13,
14,42481206,337,46,6
14,42481249,105,43,24
14,42481295,6,0,
14,42481385,41,5,
14,42481612,140,60,21
14,42481659,108,43,
14,42481668,83,36,
14,42481714,5,0,
14,42481813,103,26,19
14,42481816,11,5,
14,42481900,6,3,
14,42481982,30,13,
14,42482080,9,1,
14,42482289,31,6,
14,42482509,21,7,
14,42482635,15,3,
14,42482684,29,12,
14,42482708,22,4,
14,42482829,206,90,8
14,42482841,10,6,
14,42482881,9,0,
14,42483031,25,3,
14,42483037,12,3,
14,42483175,39,2,29
14,42483239,14,3,
14,42483304,14,7,
14,42483310,6,3,
14,42483328,67,71,
14,42483367,12,0,
14,42483500,50,7,
14,42483522,10,1,
14,42483543,32,11,29
14,42483871,14,0,
14,42483895,258,77,16
14,42483997,5,0,
14,42484109,6,0,
14,42484139,132,45,4
14,42484527,114,22,3
14,42484538,15,0,
14,42484632,12,3,
14,42484724,5,1,
14,42484911,57,8,5
14,42485007,4,0,
14,42485124,294,73,1
14,42485126,25,7,
14,42485160,67,57,12
14,42485365,5,0,
14,42485562,36,30,17
14,42485647,29,33,11
14,42485938,53,68,6
14,42486070,6,1,
15,42421689,196,37,
15,42421824,107,69,
15,42421835,36,34,
15,42422077,253,154,
15,42422113,27,4,
15,42422138,38,7,
15,42422548,41,7,
15,42422703,81,18,
15,42422942,166,17,
15,42423253,286,66,
15,42423282,49,27,
15,42423409,725,192,
15,42423742,74,20,
15,42423753,40,11,
15,42423880,19,2,
15,42423988,117,48,
15,42424370,207,62,
15,42424508,268,89,
15,42424572,35,22,
15,42424879,119,31,
15,42424904,240,71,
15,42425000,17,2,
15,42425038,127,83,
15,42425139,162,45,
15,42425268,52,25,
15,42425339,311,144,
15,42425398,381,438,
15,42425489,47,8,
15,42425770,237,99,
15,42426284,712,102,
15,42426337,93,39,
15,42426412,29,13,
15,42426589,283,94,
15,42426657,70,109,
15,42427132,325,732,
15,42427169,193,71,
15,42427428,85,66,
15,42427812,8,0,
15,42427826,97,49,
15,42427888,841,262,
15,42427916,143,65,
15,42428162,118,115,
15,42428179,172,72,
15,42428256,98,90,
15,42428290,156,213,
15,42428332,35,11,
15,42428722,94,13,
15,42428838,60,30,
15,42429045,212,363,
15,42429197,252,137,
15,42429600,48,22,
15,42429606,413,206,
15,42429646,62,114,
15,42429672,116,27,
15,42430024,109,27,
15,42430080,80,38,
15,42430109,37,10,
15,42430184,206,176,
15,42430265,93,26,
15,42430296,37,34,
15,42430317,94,105,
15,42430450,684,573,
15,42430678,61,35,
15,42430804,53,7,
15,42431046,135,66,
15,42431090,346,394,
15,42431103,526,981,
15,42431186,305,112,
15,42431299,16,3,
15,42431361,108,73,
15,42432004,182,71,
15,42432151,559,326,
15,42432374,247,147,
15,42432494,112,203,
15,42432631,60,29,
15,42432730,353,147,
15,42432736,114,146,
15,42432867,354,129,
15,42432914,582,327,
15,42432979,97,16,
15,42433044,790,543,
15,42433152,63,80,
15,42433199,175,65,
15,42433205,186,249,
15,42433404,58,18,
15,42433609,102,54,
15,42433734,38,29,
15,42433807,29,5,
15,42434232,23,26,
15,42434331,70,13,
15,42434440,45,8,
15,42434769,145,9,
15,42434947,287,212,
15,42435099,169,7,
15,42435127,86,25,
15,42435254,15,4,
15,42435267,51,12,
15,42435282,36,9,
15,42435531,7,1,
15,42435620,179,137,
15,42435621,71,105,
15,42435688,23,3,
15,42435972,561,299,
15,42436097,122,126,
15,42436440,199,52,
15,42436556,8,6,
15,42436570,88,85,
15,42436589,45,2,
15,42436672,14,0,
15,42436783,191,54,
15,42437070,75,18,
15,42437201,159,106,
15,42437276,15,0,
15,42437400,44,21,
15,42437460,7,0,
15,42437697,76,37,
15,42437816,10,1,
15,42437828,53,5,
15,42437974,9,2,
15,42438009,185,119,
15,42438063,133,84,
15,42438175,370,419,
15,42438431,163,63,
15,42438449,148,22,
15,42438767,298,46,
15,42438918,97,14,
15,42438966,26,5,
15,42439143,28,2,
15,42439456,31,22,
15,42439582,16,2,
15,42439654,31,56,
15,42439897,13,1,
15,42439921,113,141,
15,42439956,317,121,
15,42440016,185,31,
15,42440121,59,3,
15,42440185,66,24,
15,42440496,172,27,
15,42440723,15,0,
15,42440767,190,70,
15,42440886,541,267,
15,42440922,201,108,
15,42440930,21,2,
15,42441258,215,61,
15,42441307,12,6,
15,42441333,723,263,
15,42441502,272,321,
15,42441600,6,3,
15,42441609,138,156,
15,42441772,121,44,
15,42442054,19,0,
15,42442104,11,1,
15,42442354,405,78,
15,42442812,197,48,
15,42442820,11,0,
15,42442852,121,74,
15,42443022,121,44,
15,42443210,45,10,
15,42443229,3094,250,
15,42443406,163,197,
15,42443456,25,53,
15,42443737,27,14,
15,42443870,104,27,
15,42443987,109,104,
15,42444083,31,4,
15,42444342,5,0,
15,42444535,22,1,
15,42444718,28,46,
15,42444817,166,360,
15,42444820,56,7,
15,42444821,30,4,
15,42444830,34,16,
15,42444856,109,8,
15,42444924,37,9,
15,42445037,644,656,
15,42445102,67,23,
15,42445239,110,24,
15,42445328,73,94,
15,42445508,183,46,
15,42445636,38,1,
15,42445820,19,27,
15,42445834,174,138,
15,42446153,18,2,
15,42446686,354,571,
15,42446846,269,62,
15,42446889,132,66,
15,42446980,11,12,
15,42447012,140,57,
15,42447053,225,49,
15,42447059,94,25,
15,42447071,289,150,
15,42447248,12,0,
15,42447332,20,5,
15,42447580,84,10,
15,42447628,50,5,
15,42447762,166,255,
15,42448184,160,23,
15,42448193,91,28,
15,42448639,24,3,
15,42448654,14,5,
15,42448913,169,42,
15,42448939,268,289,
15,42449026,12,1,
15,42449102,43,47,
15,42449158,6,3,
15,42449363,75,7,
15,42449424,244,116,
15,42449497,337,64,
15,42449588,157,91,
15,42449602,288,306,
15,42449647,59,31,
15,42449817,46,14,23
15,42449823,57,7,
15,42449915,31,47,
15,42449951,80,19,
15,42450002,4,2,
15,42450051,33,15,
15,42450213,66,115,
15,42450221,342,346,
15,42450223,64,2,
15,42450227,167,47,
15,42450232,101,9,
15,42450269,6,2,
15,42450274,41,23,
15,42450389,41,37,
15,42450413,451,1337,
15,42450487,20,10,
15,42450592,6,0,
15,42450811,11,9,
15,42450913,58,16,
15,42450950,244,129,
15,42450963,83,79,
15,42450969,11,1,
15,42451010,44,3,
15,42451130,172,240,
15,42451135,245,225,10
15,42451327,78,66,1
15,42451409,60,14,
15,42451447,12,2,
15,42451568,21,0,
15,42451640,24,7,
15,42451707,164,75,
15,42451968,184,121,13
15,42452057,3,0,
15,42452285,63,44,
15,42452344,10,2,
15,42452358,99,26,
15,42452527,45,89,
15,42452640,140,136,11
15,42452983,3,0,
15,42453031,8,0,
15,42453036,8,11,
15,42453207,676,557,
15,42453341,537,374,
15,42453431,97,18,
15,42453650,55,15,
15,42453660,359,316,
15,42453743,53,49,
15,42453939,170,43,
15,42453996,9,0,
15,42454132,14,0,
15,42454139,44,29,
15,42454359,675,256,
15,42454405,329,304,
15,42454411,7,0,
15,42454421,5,0,
15,42454454,73,11,
15,42454481,7,0,
15,42454586,206,65,
15,42454723,67,56,
15,42454904,27,6,
15,42454929,399,330,
15,42454934,92,64,
15,42454994,22,13,30
15,42455214,19,12,
15,42455809,25,4,
15,42455928,18,2,
15,42455992,54,35,
15,42456048,24,12,
15,42456071,12,0,
15,42456109,7,0,
15,42456310,192,163,
15,42456339,6,1,
15,42456417,66,12,
15,42456492,174,84,14
15,42456574,23,10,
15,42456585,165,78,
15,42456707,59,2,
15,42456715,100,26,
15,42456802,50,2,
15,42456998,45,22,
15,42457055,56,20,
15,42457178,142,140,
15,42457182,152,130,
15,42457186,10,1,
15,42457213,210,50,
15,42457282,13,9,
15,42457321,207,51,
15,42457342,10,10,
15,42457383,33,14,
15,42457387,11,1,23
15,42457436,129,135,
15,42457515,135,101,
15,42457539,4,0,
15,42457673,5,4,
15,42457712,150,30,
15,42457782,157,23,
15,42457787,16,6,
15,42457816,177,37,
15,42457820,55,9,
15,42458066,12,12,
15,42458429,66,39,
15,42458431,414,524,
15,42458599,166,105,
15,42458752,299,353,
15,42458861,12,0,
15,42460008,14,2,
15,42460107,16,3,
15,42460131,42,26,
15,42460132,85,78,
15,42460217,90,55,
15,42460494,80,5,
15,42460748,30,7,
15,42461258,14,0,
15,42461260,3,0,
15,42461264,201,191,
15,42461512,4,0,
15,42461530,560,374,
15,42461688,580,179,
15,42461860,105,9,
15,42461964,97,55,
15,42462078,101,38,29
15,42462189,10,6,
15,42462348,77,37,
15,42462354,109,16,
15,42462804,3,0,
15,42462863,23,10,
15,42463123,434,84,
15,42463295,110,116,
15,42463315,342,74,
15,42463525,138,79,
15,42463943,19,3,
15,42464033,7,3,
15,42464138,94,105,
15,42464185,15,22,
15,42464310,217,84,
15,42464557,197,57,
15,42464559,39,0,
15,42464679,137,262,
15,42464850,42,21,13
15,42464966,156,162,
15,42465109,85,26,
15,42465168,3,0,
15,42465378,214,95,
15,42465535,265,204,
15,42465610,68,65,
15,42466507,40,2,
15,42466676,389,119,
15,42467194,886,272,
15,42467233,7,2,
15,42467236,57,53,
15,42467250,15,1,
15,42467308,54,62,
15,42467375,302,250,
15,42467449,68,33,
15,42467937,121,55,27
15,42468111,41,8,
15,42468214,355,32,
15,42468318,512,99,
15,42468362,61,55,
15,42468402,61,82,8
15,42468554,52,41,
15,42468594,55,27,
15,42468664,29,17,
15,42469074,532,117,
15,42469264,176,470,
15,42469560,62,12,
15,42469945,5,0,
15,42469964,6,1,
15,42470001,39,33,
15,42470040,179,106,
15,42470202,164,139,
15,42470238,30,5,
15,42470254,26,45,
15,42470541,616,114,
15,42470700,18,1,
15,42471654,4,5,
15,42471861,66,25,
15,42471913,297,66,
15,42471927,154,61,
15,42471933,55,5,
15,42472247,189,331,
15,42472384,60,22,
15,42472473,10,0,
15,42472519,117,25,
15,42472617,14,1,
15,42472828,43,24,
15,42473032,519,282,
15,42473282,30,2,
15,42473321,1637,1676,
15,42473834,35,6,
15,42474004,6,0,
15,42474022,5,0,
15,42474458,75,18,
15,42474943,7,1,
15,42475011,114,55,
15,42475228,205,120,
15,42475489,9,0,
15,42475526,60,31,
15,42475703,237,34,
15,42475798,103,31,
15,42476185,11,2,
15,42476192,282,142,
15,42476209,40,6,
15,42476240,7,2,
15,42476828,527,185,
15,42476876,118,34,19
15,42476906,5,0,
15,42477226,5,0,
15,42477281,16,1,
15,42477463,7,0,
15,42477534,30,3,
15,42477564,48,41,
15,42477843,111,44,17
15,42477882,12,2,
15,42478000,3,0,
15,42478414,28,2,
15,42478654,24,22,
15,42478728,99,47,
15,42478897,28,66,
15,42478911,50,7,20
15,42478962,49,35,
15,42479014,6,0,
15,42479103,17,13,4
15,42479133,7,0,
15,42479233,431,165,12
15,42479327,24,0,
15,42479510,12,6,
15,42479537,4,0,
15,42479736,7,0,
15,42479866,173,37,
15,42480035,8,0,
15,42480083,6,5,
15,42480105,322,157,17
15,42480184,18,0,
15,42480617,15,3,
15,42480624,191,116,24
15,42480700,5,1,
15,42480706,41,36,
15,42480885,31,13,
15,42481206,353,49,7
15,42481249,111,44,26
15,42481295,6,0,
15,42481385,41,5,
15,42481612,142,60,21
15,42481659,109,43,
15,42481668,85,36,
15,42481714,5,0,
15,42481813,109,28,18
15,42481816,11,5,
15,42481900,6,3,
15,42481982,32,13,
15,42482289,32,6,
15,42482509,21,7,
15,42482635,15,3,
15,42482684,29,12,
15,42482708,22,4,
15,42482829,213,93,8
15,42482841,11,6,
15,42482881,9,0,
15,42483031,25,3,
15,42483037,12,3,
15,42483175,43,2,28
15,42483239,14,3,
15,42483304,14,7,
15,42483310,6,3,
15,42483328,69,75,
15,42483367,12,0,
15,42483500,55,11,
15,42483522,10,1,
15,42483543,34,11,
15,42483871,16,0,
15,42483895,276,78,15
15,42483997,5,0,
15,42484109,6,0,
15,42484139,144,49,4
15,42484527,125,28,3
15,42484538,16,0,
15,42484632,12,3,
15,42484724,5,1,
15,42484911,70,8,5
15,42485007,4,0,
15,42485124,372,131,1
15,42485126,27,7,
15,42485160,71,64,
15,42485365,5,0,
15,42485562,44,42,15
15,42485647,36,46,10
15,42485938,57,85,
15,42486070,20,12,16
16,42421689,196,37,
16,42421824,107,69,
16,42421835,36,34,
16,42422077,253,154,
16,42422113,27,4,
16,42422138,38,7,
16,42422548,41,7,
16,42422703,81,18,
16,42422942,166,17,
16,42423253,286,66,
16,42423282,49,27,
16,42423409,726,192,
16,42423742,74,20,
16,42423753,40,11,
16,42423880,19,2,
16,42423988,117,48,
16,42424370,207,62,
16,42424508,268,89,
16,42424572,35,22,
16,42424879,119,31,
16,42424904,240,71,
16,42425000,17,2,
16,42425038,127,83,
16,42425139,162,45,
16,42425268,52,25,
16,42425339,311,144,
16,42425398,381,438,
16,42425489,47,8,
16,42425770,237,99,
16,42426284,713,102,
16,42426337,93,39,
16,42426412,29,13,
16,42426589,283,94,
16,42426657,70,109,
16,42427132,325,732,
16,42427169,193,71,
16,42427428,85,66,
16,42427812,8,0,
16,42427826,97,49,
16,42427888,841,262,
16,42427916,143,65,
16,42428162,118,115,
16,42428179,172,72,
16,42428256,98,90,
16,42428290,156,213,
16,42428332,35,11,
16,42428722,94,13,
16,42428838,60,30,
16,42429045,212,363,
16,42429197,252,137,
16,42429600,48,22,
16,42429606,413,206,
16,42429646,62,114,
16,42429672,116,27,
16,42430024,109,27,
16,42430080,80,38,
16,42430109,37,10,
16,42430184,206,176,
16,42430265,93,26,
16,42430296,37,34,
16,42430317,94,105,
16,42430450,684,573,
16,42430678,61,35,
16,42430804,53,7,
16,42431046,135,66,
16,42431090,347,394,
16,42431103,527,984,
16,42431186,305,112,
16,42431299,16,3,
16,42431361,108,73,
16,42432004,182,71,
16,42432151,559,326,
16,42432374,247,147,
16,42432494,112,203,
16,42432631,60,29,
16,42432730,353,147,
16,42432736,114,146,
16,42432867,354,129,
16,42432914,582,327,
16,42432979,97,16,
16,42433044,790,544,
16,42433152,63,80,
16,42433199,175,65,
16,42433205,187,249,
16,42433404,58,18,
16,42433609,102,54,
16,42433734,38,29,
16,42433807,29,5,
16,42434232,23,26,
16,42434331,70,13,
16,42434440,45,8,
16,42434769,145,9,
16,42434947,287,212,
16,42435099,169,7,
16,42435127,87,25,
16,42435254,15,4,
16,42435267,51,12,
16,42435282,36,9,
16,42435531,7,1,
16,42435620,179,137,
16,42435621,71,105,
16,42435688,23,3,
16,42435972,561,299,
16,42436097,122,126,
16,42436440,199,52,
16,42436556,8,6,
16,42436570,88,85,
16,42436589,45,2,
16,42436672,14,0,
16,42436783,191,54,
16,42437070,75,18,
16,42437201,161,106,
16,42437276,15,0,
16,42437400,44,21,
16,42437460,7,0,
16,42437697,76,37,
16,42437816,10,1,
16,42437828,53,5,
16,42437974,9,2,
16,42438009,185,119,
16,42438063,133,84,
16,42438175,370,419,
16,42438431,163,63,
16,42438449,148,22,
16,42438767,298,46,
16,42438918,97,14,
16,42438966,26,5,
16,42439143,28,2,
16,42439456,31,22,
16,42439582,16,2,
16,42439654,31,56,
16,42439897,13,1,
16,42439921,113,141,
16,42439956,317,121,
16,42440016,185,31,
16,42440121,59,3,
16,42440185,66,24,
16,42440496,172,27,
16,42440723,15,0,
16,42440767,190,70,
16,42440886,541,267,
16,42440922,201,108,
16,42440930,21,2,
16,42441258,215,61,
16,42441307,12,6,
16,42441333,723,263,
16,42441502,272,321,
16,42441600,6,3,
16,42441609,140,158,
16,42441772,121,44,
16,42442054,19,0,
16,42442104,11,1,
16,42442354,405,78,
16,42442812,197,48,
16,42442820,11,0,
16,42442852,121,76,
16,42443022,121,44,
16,42443210,45,10,
16,42443229,3096,250,
16,42443406,163,197,
16,42443456,25,53,
16,42443737,27,14,
16,42443870,104,27,
16,42443987,109,104,
16,42444083,31,4,
16,42444342,5,0,
16,42444535,22,1,
16,42444718,28,47,
16,42444817,166,360,
16,42444820,56,7,
16,42444821,30,4,
16,42444830,34,16,
16,42444856,109,8,
16,42444924,37,9,
16,42445037,644,657,
16,42445102,67,23,
16,42445239,110,24,
16,42445328,73,94,
16,42445508,183,46,
16,42445636,38,1,
16,42445820,19,27,
16,42445834,174,138,
16,42446153,18,2,
16,42446686,356,571,
16,42446846,269,62,
16,42446889,132,66,
16,42446980,11,12,
16,42447012,140,57,
16,42447053,225,49,
16,42447059,94,25,
16,42447071,289,150,
16,42447248,12,0,
16,42447332,20,5,
16,42447580,84,10,
16,42447628,51,5,
16,42447762,166,255,
16,42448184,160,23,
16,42448193,91,28,
16,42448639,24,3,
16,42448654,14,5,
16,42448913,169,42,
16,42448939,268,289,
16,42449026,12,1,
16,42449102,43,47,
16,42449158,6,3,
16,42449363,75,7,
16,42449424,244,116,
16,42449497,337,64,
16,42449588,157,91,
16,42449602,288,306,
16,42449647,59,31,
16,42449817,48,14,23
16,42449823,57,7,
16,42449915,31,48,
16,42449951,80,19,
16,42450002,4,2,
16,42450051,33,15,
16,42450213,66,115,
16,42450221,342,347,
16,42450223,64,2,
16,42450227,167,47,
16,42450232,101,9,
16,42450269,6,2,
16,42450274,42,23,
16,42450389,41,37,
16,42450413,451,1337,
16,42450487,21,10,
16,42450592,6,0,
16,42450811,11,9,
16,42450913,58,16,
16,42450950,244,129,
16,42450963,83,79,
16,42450969,11,1,
16,42451010,44,3,
16,42451130,172,240,
16,42451135,269,264,9
16,42451327,89,83,6
16,42451409,61,14,
16,42451447,12,2,
16,42451568,21,0,
16,42451640,24,7,
16,42451707,164,75,
16,42451968,195,129,13
16,42452057,3,0,
16,42452285,63,44,
16,42452344,10,2,
16,42452358,99,26,
16,42452527,45,90,
16,42452640,158,143,10
16,42452983,3,0,
16,42453031,8,0,
16,42453036,8,11,
16,42453207,676,557,
16,42453341,537,374,
16,42453431,97,18,
16,42453650,55,15,
16,42453660,359,316,
16,42453743,53,49,
16,42453939,170,43,
16,42453996,9,0,
16,42454132,14,0,
16,42454139,44,29,
16,42454359,676,256,
16,42454405,329,304,
16,42454411,7,0,
16,42454421,5,0,
16,42454454,73,11,
16,42454481,7,0,
16,42454586,206,65,
16,42454723,67,56,
16,42454904,27,6,
16,42454929,399,330,
16,42454934,92,64,
16,42454994,25,14,27
16,42455051,15,3,23
16,42455214,19,12,
16,42455809,25,4,
16,42455928,18,2,
16,42455992,54,35,
16,42456048,25,12,
16,42456071,12,0,
16,42456109,7,0,
16,42456310,192,163,
16,42456339,6,1,
16,42456417,67,12,
16,42456492,181,86,14
16,42456574,23,10,
16,42456585,165,78,
16,42456707,59,2,
16,42456715,100,26,
16,42456802,50,2,
16,42456998,45,22,
16,42457055,56,20,
16,42457178,142,140,
16,42457182,152,130,
16,42457186,10,1,
16,42457213,210,50,
16,42457282,13,9,
16,42457321,207,51,
16,42457342,10,11,
16,42457383,34,14,
16,42457387,11,1,27
16,42457436,129,135,
16,42457515,135,101,
16,42457539,4,0,
16,42457673,5,4,
16,42457712,150,30,
16,42457782,157,23,
16,42457787,16,6,
16,42457816,177,37,
16,42457820,57,9,
16,42458066,12,12,
16,42458429,67,39,
16,42458431,414,524,
16,42458599,166,105,
16,42458752,299,353,
16,42458861,12,0,
16,42460008,14,2,
16,42460107,16,3,
16,42460131,42,26,
16,42460132,85,78,
16,42460217,90,55,
16,42460494,80,5,
16,42460748,31,7,
16,42461258,14,0,
16,42461260,3,0,
16,42461264,201,191,
16,42461512,4,0,
16,42461530,560,374,
16,42461688,581,179,
16,42461860,105,9,
16,42461964,97,55,
16,42462078,104,39,29
16,42462189,10,6,
16,42462348,77,37,
16,42462354,109,16,
16,42462804,3,0,
16,42462863,23,10,
16,42463123,435,84,
16,42463295,110,116,
16,42463315,342,74,
16,42463525,138,79,
16,42463943,19,3,
16,42464033,7,3,
16,42464138,94,105,
16,42464185,15,22,
16,42464310,217,84,
16,42464557,198,57,
16,42464559,39,0,
16,42464679,137,262,
16,42464850,42,21,
16,42464966,157,163,
16,42465109,85,26,
16,42465168,3,0,
16,42465378,214,95,
16,42465535,265,204,
16,42465610,68,65,
16,42466507,40,2,
16,42466676,389,119,
16,42467194,886,272,
16,42467233,7,2,
16,42467236,57,53,
16,42467250,15,1,
16,42467308,54,62,
16,42467375,302,250,
16,42467449,68,33,
16,42467937,129,56,24
16,42468111,42,9,
16,42468214,355,32,
16,42468318,512,99,
16,42468362,61,55,
16,42468402,79,107,8
16,42468554,52,43,
16,42468594,55,27,
16,42468664,29,17,
16,42469074,532,117,
16,42469264,176,470,
16,42469560,62,12,
16,42469945,5,0,
16,42469964,6,1,
16,42470001,40,34,
16,42470040,185,107,
16,42470202,164,140,
16,42470238,30,6,
16,42470254,26,45,
16,42470541,621,114,
16,42470700,18,1,
16,42471654,4,5,
16,42471861,66,25,
16,42471913,297,66,
16,42471927,154,61,
16,42471933,55,5,
16,42472247,189,331,
16,42472384,62,25,
16,42472473,10,0,
16,42472519,118,25,
16,42472617,14,1,
16,42472828,43,24,
16,42473032,520,284,
16,42473282,30,2,
16,42473321,1639,1676,
16,42473834,37,6,
16,42474004,6,0,
16,42474022,5,0,
16,42474458,75,18,
16,42474943,7,1,
16,42475011,114,55,
16,42475228,205,122,
16,42475489,9,0,
16,42475526,60,31,
16,42475703,237,34,
16,42475798,104,31,
16,42476185,11,2,
16,42476192,283,143,
16,42476209,40,6,
16,42476240,7,2,
16,42476828,527,183,
16,42476876,124,34,20
16,42476906,5,0,
16,42477226,5,0,
16,42477281,16,1,
16,42477463,7,0,
16,42477534,30,3,
16,42477564,48,41,
16,42477843,119,46,17
16,42477882,12,2,
16,42478000,3,0,
16,42478414,28,2,
16,42478654,24,22,
16,42478728,99,47,
16,42478897,28,67,
16,42478911,78,15,15
16,42478962,49,35,
16,42479014,7,0,
16,42479103,30,27,3
16,42479133,7,0,
16,42479233,440,165,12
16,42479327,24,0,
16,42479510,12,6,
16,42479537,4,0,
16,42479736,7,0,
16,42479866,173,37,
16,42480035,8,0,
16,42480083,6,5,
16,42480105,324,164,18
16,42480184,18,0,
16,42480617,15,3,
16,42480624,193,117,22
16,42480700,5,1,
16,42480706,41,36,
16,42480885,31,13,
16,42481206,367,49,7
16,42481249,114,44,26
16,42481295,6,0,
16,42481385,41,5,
16,42481612,145,60,21
16,42481659,110,43,
16,42481668,86,37,
16,42481714,5,0,
16,42481813,112,28,17
16,42481816,11,5,
16,42481900,6,3,
16,42481982,32,13,
16,42482289,33,6,
16,42482509,21,7,
16,42482635,15,4,
16,42482684,30,12,
16,42482708,22,4,
16,42482829,215,94,11
16,42482841,11,6,
16,42482881,9,0,
16,42483031,25,3,
16,42483037,12,3,
16,42483175,44,2,25
16,42483239,14,3,
16,42483304,14,8,
16,42483310,6,3,
16,42483328,70,79,
16,42483367,12,0,
16,42483500,57,12,
16,42483522,10,1,
16,42483543,39,12,30
16,42483871,18,0,
16,42483895,293,86,16
16,42483997,5,0,
16,42484109,6,0,
16,42484139,155,53,4
16,42484527,137,31,2
16,42484538,16,1,
16,42484632,12,3,
16,42484724,5,1,
16,42484911,76,13,5
16,42485007,4,0,
16,42485124,478,201,1
16,42485160,71,68,
16,42485365,6,0,
16,42485562,44,50,
16,42485647,37,50,
16,42485795,18,7,1
16,42485797,6,0,5
16,42485938,62,92,
16,42486011,7,0,24
16,42486028,5,2,
16,42486070,21,18,
16,42486831,5,1,3
16,42486839,5,0,
16,42487241,19,5,
16,42487269,18,0,
16,42487301,16,0,11
16,42487362,3,0,
17,42421689,196,37,
17,42421824,107,69,
17,42421835,36,34,
17,42422077,253,154,
17,42422113,27,4,
17,42422138,38,7,
17,42422548,41,7,
17,42422703,81,18,
17,42422942,166,17,
17,42423253,286,66,
17,42423282,49,27,
17,42423409,726,192,
17,42423742,74,20,
17,42423753,40,11,
17,42423880,19,2,
17,42423988,117,48,
17,42424370,207,62,
17,42424508,268,89,
17,42424572,35,22,
17,42424879,119,31,
17,42424904,240,71,
17,42425000,17,2,
17,42425038,127,83,
17,42425139,162,45,
17,42425268,52,25,
17,42425339,311,144,
17,42425398,381,438,
17,42425489,47,8,
17,42425770,237,99,
17,42426284,713,102,
17,42426337,93,39,
17,42426412,29,13,
17,42426589,283,94,
17,42426657,70,109,
17,42427132,325,732,
17,42427169,193,71,
17,42427428,85,66,
17,42427812,8,0,
17,42427826,97,49,
17,42427888,841,262,
17,42427916,143,65,
17,42428162,118,115,
17,42428179,172,72,
17,42428256,98,90,
17,42428290,157,213,
17,42428332,35,11,
17,42428722,94,13,
17,42428838,60,30,
17,42429045,212,363,
17,42429197,252,137,
17,42429600,48,22,
17,42429606,413,206,
17,42429646,62,114,
17,42429672,116,27,
17,42430024,109,27,
17,42430080,80,38,
17,42430109,37,10,
17,42430184,206,176,
17,42430265,93,26,
17,42430296,37,34,
17,42430317,94,105,
17,42430450,684,573,
17,42430804,53,7,
17,42431046,135,66,
17,42431090,347,394,
17,42431103,527,984,
17,42431186,305,112,
17,42431299,16,3,
17,42431361,109,73,
17,42432004,182,71,
17,42432151,559,326,
17,42432374,247,147,
17,42432494,112,203,
17,42432631,60,29,
17,42432730,353,147,
17,42432736,114,146,
17,42432867,354,129,
17,42432914,582,327,
17,42432979,97,16,
17,42433044,790,544,
17,42433152,63,80,
17,42433199,175,65,
17,42433205,187,249,
17,42433404,58,18,
17,42433609,102,54,
17,42433734,38,29,
17,42433807,29,5,
17,42434232,23,26,
17,42434331,70,13,
17,42434440,45,8,
17,42434769,145,9,
17,42434947,287,212,
17,42435099,169,7,
17,42435127,87,26,
17,42435254,15,4,
17,42435267,51,12,
17,42435282,36,9,
17,42435531,7,1,
17,42435620,179,137,
17,42435688,23,3,
17,42435972,561,299,
17,42436097,122,126,
17,42436440,199,52,
17,42436556,8,6,
17,42436570,88,85,
17,42436589,45,2,
17,42436672,14,0,
17,42436783,191,54,
17,42437070,75,18,
17,42437201,161,107,
17,42437276,15,0,
17,42437400,44,21,
17,42437460,7,0,
17,42437697,76,37,
17,42437816,10,1,
17,42437828,53,5,
17,42437974,9,2,
17,42438009,185,119,
17,42438063,133,85,
17,42438175,371,419,
17,42438449,148,22,
17,42438767,298,46,
17,42438918,97,14,
17,42438966,26,5,
17,42439143,28,2,
17,42439456,32,22,
17,42439582,16,2,
17,42439897,13,1,
17,42439921,113,141,
17,42439956,317,121,
17,42440016,185,31,
17,42440121,59,3,
17,42440185,66,24,
17,42440496,172,27,
17,42440723,15,0,
17,42440767,190,70,
17,42440886,541,267,
17,42440922,201,108,
17,42440930,21,2,
17,42441258,215,61,
17,42441333,723,263,
17,42441502,272,321,
17,42441609,140,158,
17,42441772,121,44,
17,42442054,19,0,
17,42442104,11,1,
17,42442354,405,78,
17,42442812,197,48,
17,42442820,11,0,
17,42442852,124,78,
17,42443022,121,44,
17,42443210,45,11,
17,42443229,3097,250,
17,42443406,163,197,
17,42443456,25,53,
17,42443737,27,14,
17,42443870,104,27,
17,42443987,109,104,
17,42444083,31,4,
17,42444342,5,0,
17,42444535,22,1,
17,42444718,28,48,
17,42444817,166,360,
17,42444820,56,7,
17,42444821,30,4,
17,42444830,34,16,
17,42444856,109,8,
17,42444924,37,9,
17,42445037,645,657,
17,42445102,68,23,
17,42445239,110,24,
17,42445328,73,94,
17,42445508,183,46,
17,42445636,38,1,
17,42445820,19,27,
17,42445834,174,138,
17,42446153,18,2,
17,42446686,356,571,
17,42446846,269,62,
17,42446889,132,66,
17,42446980,11,12,
17,42447012,140,57,
17,42447053,225,49,
17,42447059,94,25,
17,42447071,289,150,
17,42447248,12,0,
17,42447332,20,5,
17,42447580,84,10,
17,42447628,51,5,
17,42447762,166,255,
17,42448184,160,23,
17,42448193,91,28,
17,42448639,24,3,
17,42448654,14,5,
17,42448913,169,42,
17,42448939,268,289,
17,42449026,12,1,
17,42449102,43,47,
17,42449363,75,7,
17,42449424,244,116,
17,42449497,337,64,
17,42449588,157,91,
17,42449602,288,306,
17,42449647,59,31,
17,42449817,51,17,26
17,42449823,57,7,
17,42449915,31,48,
17,42449951,80,19,
17,42450002,4,2,
17,42450051,33,15,
17,42450213,66,115,
17,42450221,342,351,
17,42450223,64,2,
17,42450227,167,47,
17,42450232,101,9,
17,42450269,6,2,
17,42450274,42,24,
17,42450389,41,37,
17,42450413,451,1338,
17,42450487,21,10,
17,42450592,6,0,
17,42450811,11,9,
17,42450913,59,16,
17,42450950,244,129,
17,42450963,83,79,
17,42450969,11,1,
17,42451010,44,3,
17,42451130,172,240,
17,42451135,286,296,12
17,42451327,100,92,19
17,42451409,61,14,
17,42451447,12,2,
17,42451568,21,0,
17,42451640,24,7,
17,42451707,164,75,
17,42451968,201,133,16
17,42452057,3,0,
17,42452285,63,44,
17,42452344,10,2,
17,42452358,99,26,
17,42452527,45,91,
17,42452640,174,158,13
17,42452983,3,0,
17,42453031,8,0,
17,42453036,8,11,
17,42453207,678,557,
17,42453341,537,374,
17,42453431,97,18,
17,42453650,55,15,
17,42453660,359,316,
17,42453743,53,49,
17,42453939,170,43,
17,42453996,9,0,
17,42454132,14,0,
17,42454139,44,29,
17,42454359,676,257,
17,42454405,329,304,
17,42454411,7,0,
17,42454421,5,0,
17,42454454,73,11,
17,42454481,7,0,
17,42454586,206,65,
17,42454723,67,56,
17,42454904,27,6,
17,42454929,399,330,
17,42454934,92,64,
17,42454994,26,15,29
17,42455051,19,4,27
17,42455214,19,12,
17,42455809,25,4,
17,42455928,18,2,
17,42455992,54,35,
17,42456048,25,12,
17,42456071,12,0,
17,42456109,7,0,
17,42456310,192,163,
17,42456339,6,1,
17,42456417,68,12,
17,42456492,185,89,17
17,42456574,23,10,
17,42456585,165,78,
17,42456707,59,2,
17,42456715,100,26,
17,42456802,50,2,
17,42456998,45,22,
17,42457055,56,20,
17,42457178,142,140,
17,42457182,152,130,
17,42457186,10,1,
17,42457213,210,50,
17,42457282,13,9,
17,42457321,207,51,
17,42457342,10,11,
17,42457383,35,14,
17,42457387,11,1,
17,42457436,129,135,
17,42457515,136,101,
17,42457539,4,0,
17,42457673,5,4,
17,42457712,150,30,
17,42457782,157,23,
17,42457787,16,6,
17,42457816,177,37,
17,42457820,57,9,
17,42458066,12,12,
17,42458429,68,39,
17,42458431,414,524,
17,42458599,166,105,
17,42458752,299,353,
17,42458861,12,0,
17,42460008,14,2,
17,42460107,16,3,
17,42460131,42,26,
17,42460132,85,78,
17,42460217,90,55,
17,42460494,80,5,
17,42460748,32,7,
17,42461258,14,0,
17,42461260,3,0,
17,42461264,201,191,
17,42461512,4,0,
17,42461530,561,374,
17,42461688,581,179,
17,42461860,105,9,
17,42461964,97,55,
17,42462078,105,39,
17,42462189,10,6,
17,42462348,77,37,
17,42462354,109,16,
17,42462804,3,0,
17,42462863,23,10,
17,42463123,435,84,
17,42463295,111,116,
17,42463315,342,74,
17,42463525,138,79,
17,42463943,19,3,
17,42464033,7,3,
17,42464138,95,105,
17,42464185,15,22,
17,42464310,218,84,
17,42464557,198,57,
17,42464559,39,0,
17,42464679,138,263,
17,42464850,43,21,
17,42464966,157,163,
17,42465109,85,26,
17,42465168,3,0,
17,42465378,214,95,
17,42465535,265,204,
17,42465610,68,65,
17,42466507,40,2,
17,42466676,389,119,
17,42467194,886,272,
17,42467233,7,2,
17,42467236,57,53,
17,42467250,15,1,
17,42467308,54,62,
17,42467375,302,250,
17,42467449,68,33,
17,42467937,132,58,28
17,42468111,44,9,
17,42468214,355,32,
17,42468318,512,100,
17,42468362,61,55,
17,42468402,90,114,10
17,42468554,52,45,
17,42468594,55,28,
17,42468664,29,17,
17,42469074,532,117,
17,42469264,176,470,
17,42469560,62,12,
17,42469945,5,0,
17,42469964,6,1,
17,42470001,40,34,
17,42470040,189,108,
17,42470202,164,140,
17,42470238,30,6,
17,42470254,26,45,
17,42470541,627,115,
17,42470700,18,1,
17,42471654,4,5,
17,42471861,67,25,
17,42471913,297,66,
17,42471927,154,61,
17,42471933,55,5,
17,42472247,189,331,
17,42472384,62,29,
17,42472473,10,0,
17,42472519,120,25,
17,42472617,14,1,
17,42472828,43,24,
17,42473032,520,284,
17,42473282,30,2,
17,42473321,1640,1680,
17,42473834,39,6,
17,42474004,6,0,
17,42474022,5,0,
17,42474458,75,19,
17,42474943,7,1,
17,42475011,114,55,
17,42475228,205,123,
17,42475526,60,31,
17,42475703,238,34,
17,42475798,104,31,
17,42476185,11,2,
17,42476192,283,143,
17,42476209,40,6,
17,42476240,7,2,
17,42476828,531,185,
17,42476876,124,38,25
17,42476906,5,0,
17,42477226,5,0,
17,42477281,16,1,
17,42477463,7,0,
17,42477534,30,3,
17,42477564,48,42,
17,42477843,123,46,19
17,42477882,12,2,
17,42478000,5,1,13
17,42478414,28,2,
17,42478654,24,22,
17,42478728,99,47,
17,42478897,28,67,
17,42478911,102,25,18
17,42478962,49,35,
17,42479014,7,0,
17,42479103,40,40,4
17,42479133,7,0,
17,42479233,447,167,15
17,42479510,12,6,
17,42479736,7,0,
17,42479866,174,37,
17,42480035,8,0,
17,42480083,6,5,
17,42480105,333,169,20
17,42480184,18,0,
17,42480617,15,3,
17,42480624,197,120,30
17,42480700,5,1,
17,42480706,41,37,
17,42480885,31,13,
17,42481206,387,49,10
17,42481249,114,44,
17,42481295,6,0,
17,42481385,42,5,
17,42481612,146,60,24
17,42481659,111,43,
17,42481668,87,37,
17,42481714,5,0,
17,42481813,114,28,22
17,42481816,11,5,
17,42481900,6,3,
17,42481982,32,13,
17,42482289,33,6,
17,42482509,21,7,
17,42482635,15,4,
17,42482684,30,12,
17,42482708,23,4,
17,42482829,221,94,14
17,42482841,12,6,
17,42483031,26,3,
17,42483037,12,3,
17,42483175,44,2,30
17,42483239,14,3,
17,42483304,15,9,
17,42483310,6,3,
17,42483328,70,83,
17,42483367,12,0,
17,42483500,59,14,
17,42483522,10,1,
17,42483543,41,14,
17,42483871,19,0,
17,42483895,303,90,21
17,42483997,5,0,
17,42484109,6,0,
17,42484139,160,56,7
17,42484527,142,36,5
17,42484538,16,1,
17,42484632,12,3,
17,42484724,5,1,
17,42484911,85,13,9
17,42485007,4,0,
17,42485124,542,268,2
17,42485160,71,73,
17,42485365,6,0,
17,42485562,44,52,
17,42485647,38,50,
17,42485795,68,14,1
17,42485797,10,0,5
17,42485938,62,97,
17,42486011,11,2,
17,42486028,5,2,
17,42486070,23,19,
17,42486831,14,1,4
17,42486839,8,0,
17,42487241,20,7,
17,42487269,30,0,
17,42487301,61,13,2
17,42487321,11,1,
17,42487362,7,0,
17,42487469,3,0,
17,42487472,4,1,
17,42487645,8,1,
17,42487677,4,0,
17,42487721,3,0,
18,42421689,196,37,
18,42421824,107,69,
18,42421835,36,34,
18,42422077,253,154,
18,42422113,27,4,
18,42422138,38,7,
18,42422548,41,7,
18,42422703,81,18,
18,42422942,166,17,
18,42423253,286,66,
18,42423282,49,27,
18,42423409,728,192,
18,42423742,74,20,
18,42423753,40,11,
18,42423880,19,2,
18,42423988,117,48,
18,42424370,207,62,
18,42424508,268,89,
18,42424572,35,22,
18,42424879,119,31,
18,42424904,240,71,
18,42425000,17,2,
18,42425038,127,83,
18,42425139,162,45,
18,42425268,52,25,
18,42425339,311,144,
18,42425398,381,438,
18,42425489,47,8,
18,42425770,237,99,
18,42426284,713,102,
18,42426337,93,39,
18,42426412,29,13,
18,42426589,283,94,
18,42426657,70,109,
18,42427132,325,732,
18,42427169,193,71,
18,42427428,85,66,
18,42427812,8,0,
18,42427826,97,49,
18,42427888,842,262,
18,42427916,143,65,
18,42428162,118,115,
18,42428179,172,72,
18,42428256,98,90,
18,42428290,158,215,
18,42428332,35,11,
18,42428722,94,13,
18,42428838,60,30,
18,42429045,212,363,
18,42429197,252,137,
18,42429600,48,22,
18,42429606,413,206,
18,42429646,62,114,
18,42429672,116,27,
18,42430024,109,27,
18,42430080,80,38,
18,42430109,37,10,
18,42430184,206,176,
18,42430265,93,26,
18,42430296,37,34,
18,42430317,94,105,
18,42430450,684,573,
18,42430804,53,7,
18,42431046,135,66,
18,42431090,347,394,
18,42431103,527,984,
18,42431186,305,112,
18,42431299,16,3,
18,42431361,109,73,
18,42432004,182,71,
18,42432151,559,326,
18,42432374,247,147,
18,42432494,112,203,
18,42432631,60,29,
18,42432730,353,147,
18,42432736,114,146,
18,42432867,354,129,
18,42432914,583,327,
18,42432979,97,16,
18,42433044,790,544,
18,42433152,63,80,
18,42433199,175,65,
18,42433205,187,249,
18,42433404,58,18,
18,42433609,102,54,
18,42433734,38,29,
18,42433807,29,5,
18,42434232,23,26,
18,42434331,70,13,
18,42434440,45,8,
18,42434769,145,9,
18,42434947,287,212,
18,42435099,169,7,
18,42435127,87,26,
18,42435254,15,4,
18,42435267,51,12,
18,42435282,36,9,
18,42435531,7,1,
18,42435620,180,137,
18,42435688,23,3,
18,42435972,561,299,
18,42436097,122,126,
18,42436440,199,52,
18,42436556,8,6,
18,42436570,88,85,
18,42436589,45,2,
18,42436672,14,0,
18,42436783,191,54,
18,42437070,77,18,
18,42437201,161,108,
18,42437276,15,0,
18,42437400,44,21,
18,42437460,7,0,
18,42437697,76,37,
18,42437816,10,1,
18,42437828,53,5,
18,42437974,9,2,
18,42438009,185,119,
18,42438063,133,86,
18,42438175,371,419,
18,42438449,148,22,
18,42438767,298,46,
18,42438918,97,14,
18,42438966,26,5,
18,42439143,28,2,
18,42439456,32,22,
18,42439582,16,2,
18,42439897,13,1,
18,42439921,113,141,
18,42439956,317,121,
18,42440016,185,31,
18,42440121,59,3,
18,42440185,66,24,
18,42440496,172,27,
18,42440723,15,0,
18,42440767,190,70,
18,42440886,541,267,
18,42440922,201,108,
18,42440930,21,2,
18,42441258,215,61,
18,42441333,723,263,
18,42441502,272,321,
18,42441609,141,159,
18,42441772,121,44,
18,42442054,19,0,
18,42442104,11,1,
18,42442354,405,78,
18,42442812,197,48,
18,42442820,11,0,
18,42442852,124,79,
18,42443022,121,44,
18,42443210,45,11,
18,42443229,3097,250,
18,42443406,163,197,
18,42443456,25,53,
18,42443737,27,14,
18,42443870,104,27,
18,42443987,109,104,
18,42444083,31,4,
18,42444342,5,0,
18,42444535,22,1,
18,42444718,28,48,
18,42444817,166,360,
18,42444820,56,7,
18,42444821,30,4,
18,42444830,34,16,
18,42444856,109,8,
18,42444924,37,9,
18,42445037,646,657,
18,42445102,68,23,
18,42445239,110,24,
18,42445328,73,94,
18,42445508,183,46,
18,42445636,38,1,
18,42445820,19,27,
18,42445834,174,138,
18,42446153,18,2,
18,42446686,357,573,
18,42446846,269,62,
18,42446889,132,66,
18,42446980,11,12,
18,42447012,140,57,
18,42447053,225,49,
18,42447059,94,25,
18,42447071,289,150,
18,42447248,12,0,
18,42447332,20,5,
18,42447580,84,10,
18,42447628,52,6,
18,42447762,166,255,
18,42448184,160,23,
18,42448193,91,28,
18,42448639,24,3,
18,42448654,14,5,
18,42448913,169,42,
18,42448939,270,289,
18,42449026,12,1,
18,42449102,43,47,
18,42449363,75,7,
18,42449424,244,116,
18,42449497,338,64,
18,42449588,157,91,
18,42449602,288,306,
18,42449647,59,31,
18,42449817,54,17,27
18,42449823,58,7,
18,42449915,31,48,
18,42449951,80,19,
18,42450002,4,2,
18,42450051,33,15,
18,42450213,66,115,
18,42450221,342,351,
18,42450223,64,2,
18,42450227,167,47,
18,42450232,101,9,
18,42450269,6,2,
18,42450274,42,24,
18,42450389,41,37,
18,42450413,451,1338,
18,42450487,22,10,
18,42450592,6,0,
18,42450811,11,9,
18,42450913,59,16,
18,42450950,244,129,
18,42450963,83,79,
18,42450969,11,1,
18,42451010,44,3,
18,42451130,172,240,
18,42451135,299,317,12
18,42451327,110,109,23
18,42451409,61,14,
18,42451447,12,2,
18,42451568,21,0,
18,42451640,24,7,
18,42451707,164,75,
18,42451968,207,140,17
18,42452057,3,0,
18,42452285,63,44,
18,42452344,10,2,
18,42452358,99,26,
18,42452527,46,91,
18,42452640,182,170,13
18,42452983,3,0,
18,42453031,8,0,
18,42453036,8,11,
18,42453207,679,557,
18,42453341,537,374,
18,42453431,97,18,
18,42453650,55,15,
18,42453660,359,316,
18,42453743,53,49,
18,42453939,170,43,
18,42453996,9,0,
18,42454132,14,0,
18,42454139,44,29,
18,42454359,676,257,
18,42454405,329,304,
18,42454411,7,0,
18,42454421,5,0,
18,42454454,73,11,
18,42454481,7,0,
18,42454586,206,65,
18,42454723,67,56,
18,42454904,27,6,
18,42454929,399,330,
18,42454934,92,64,
18,42454994,26,17,
18,42455051,21,5,
18,42455214,19,12,
18,42455809,25,4,
18,42455928,18,2,
18,42455992,54,35,
18,42456048,25,12,
18,42456071,12,0,
18,42456109,7,0,
18,42456310,192,163,
18,42456339,6,1,
18,42456417,69,12,
18,42456492,192,93,18
18,42456574,23,10,
18,42456585,165,78,
18,42456707,59,2,
18,42456715,100,26,
18,42456802,50,2,
18,42456998,45,22,
18,42457055,56,20,
18,42457178,142,140,
18,42457182,152,130,
18,42457186,10,1,
18,42457213,210,51,
18,42457282,13,9,
18,42457321,207,51,
18,42457342,10,11,
18,42457383,37,15,
18,42457387,11,1,
18,42457436,129,135,
18,42457515,136,101,
18,42457539,4,0,
18,42457673,5,4,
18,42457712,150,30,
18,42457782,157,23,
18,42457787,16,6,
18,42457816,177,37,
18,42457820,58,9,
18,42458066,12,12,
18,42458429,68,39,
18,42458431,414,524,
18,42458599,166,105,
18,42458752,299,353,
18,42458861,12,0,
18,42460008,14,2,
18,42460107,16,3,
18,42460131,42,26,
18,42460132,85,78,
18,42460217,91,56,
18,42460494,80,5,
18,42460748,32,7,
18,42461258,14,0,
18,42461260,3,0,
18,42461264,201,191,
18,42461512,4,0,
18,42461530,561,374,
18,42461688,582,179,
18,42461860,106,9,
18,42461964,97,55,
18,42462078,107,39,
18,42462189,10,6,
18,42462348,77,37,
18,42462354,109,16,
18,42462804,3,0,
18,42462863,23,10,
18,42463123,435,84,
18,42463295,111,116,
18,42463315,343,74,
18,42463525,138,79,
18,42463943,19,3,
18,42464033,7,3,
18,42464138,95,105,
18,42464185,15,22,
18,42464310,218,84,
18,42464557,198,57,
18,42464559,39,0,
18,42464679,138,264,
18,42464850,43,22,
18,42464966,157,163,
18,42465109,85,26,
18,42465168,3,0,
18,42465378,214,96,
18,42465535,265,204,
18,42465610,68,65,
18,42465907,6,0,15
18,42466507,40,2,
18,42466676,389,119,
18,42467194,887,273,
18,42467233,8,2,
18,42467236,57,53,
18,42467250,15,1,
18,42467308,54,62,
18,42467375,303,250,
18,42467449,68,33,
18,42467937,138,59,26
18,42468111,45,9,
18,42468214,355,32,
18,42468318,512,100,
18,42468362,61,55,
18,42468402,101,122,10
18,42468554,53,45,
18,42468594,56,30,
18,42468664,29,17,
18,42469074,534,117,
18,42469264,176,470,
18,42469560,62,12,
18,42469945,5,0,
18,42469964,6,1,
18,42470001,42,35,
18,42470040,189,111,
18,42470202,164,141,
18,42470238,30,6,
18,42470541,628,115,
18,42470700,18,1,
18,42471654,4,5,
18,42471861,67,25,
18,42471913,297,66,
18,42471927,154,61,
18,42471933,55,5,
18,42472247,189,331,
18,42472384,63,30,
18,42472473,10,0,
18,42472519,120,25,
18,42472828,44,24,
18,42473032,521,285,
18,42473282,30,2,
18,42473321,1640,1682,
18,42473834,39,6,
18,42474004,6,0,
18,42474458,75,19,
18,42474943,7,1,
18,42475011,114,55,
18,42475228,205,126,
18,42475526,60,31,
18,42475703,238,34,
18,42475798,105,31,
18,42476185,11,2,
18,42476192,283,143,
18,42476209,40,6,
18,42476240,7,2,
18,42476828,533,189,
18,42476876,127,38,28
18,42476906,5,0,
18,42477226,5,0,
18,42477281,16,1,
18,42477463,7,0,
18,42477534,30,3,
18,42477564,48,42,
18,42477843,130,48,19
18,42477882,12,2,
18,42478000,10,1,10
18,42478414,28,2,
18,42478654,24,22,
18,42478728,99,47,
18,42478897,28,67,
18,42478911,115,34,25
18,42478962,49,35,
18,42479014,7,0,
18,42479103,42,49,21
18,42479133,7,0,
18,42479233,453,167,16
18,42479510,12,7,
18,42479866,174,37,
18,42480035,8,0,
18,42480083,7,5,
18,42480105,337,174,20
18,42480184,18,0,
18,42480617,15,3,
18,42480624,198,123,30
18,42480700,5,1,
18,42480706,41,37,
18,42480885,31,13,
18,42481206,400,51,11
18,42481249,114,44,
18,42481295,6,0,
18,42481385,44,6,
18,42481612,148,61,24
18,42481659,111,44,
18,42481668,89,37,
18,42481714,5,0,
18,42481813,118,30,21
18,42481816,12,5,
18,42481900,6,3,
18,42481982,32,13,
18,42482289,34,6,
18,42482509,21,7,
18,42482635,16,4,
18,42482684,30,12,
18,42482708,23,4,
18,42482829,227,98,15
18,42482841,12,6,
18,42483031,26,3,
18,42483037,12,3,
18,42483175,44,2,
18,42483239,14,3,
18,42483304,15,9,
18,42483310,6,3,
18,42483328,70,88,
18,42483367,12,0,
18,42483500,61,15,
18,42483522,10,1,
18,42483543,42,14,
18,42483871,22,0,
18,42483895,313,95,23
18,42483997,5,0,
18,42484109,7,0,
18,42484139,164,60,8
18,42484527,147,38,5
18,42484538,16,1,
18,42484632,13,3,
18,42484724,5,1,
18,42484911,86,15,7
18,42485007,4,0,
18,42485124,585,305,4
18,42485160,72,75,
18,42485365,6,0,
18,42485562,45,57,
18,42485647,41,50,
18,42485795,108,22,1
18,42485797,15,2,2
18,42485938,63,101,
18,42486011,12,2,
18,42486070,23,28,
18,42486831,22,1,6
18,42486839,9,1,
18,42487156,5,5,
18,42487269,38,0,
18,42487301,80,21,3
18,42487321,12,1,
18,42487362,7,0,
18,42487469,3,0,
18,42487472,4,1,
18,42487645,9,1,
18,42487677,22,3,27
18,42487721,4,0,
19,42421689,196,37,
19,42421824,108,69,
19,42421835,36,34,
19,42422077,253,154,
19,42422113,27,4,
19,42422138,38,7,
19,42422548,41,7,
19,42422703,81,18,
19,42422942,166,17,
19,42423253,286,66,
19,42423282,49,27,
19,42423409,728,192,
19,42423742,74,20,
19,42423753,40,11,
19,42423880,19,2,
19,42423988,117,48,
19,42424370,207,62,
19,42424508,268,89,
19,42424572,35,22,
19,42424879,119,31,
19,42424904,240,71,
19,42425000,17,2,
19,42425038,127,83,
19,42425139,162,45,
19,42425268,52,25,
19,42425339,313,144,
19,42425398,381,438,
19,42425489,47,8,
19,42425770,237,100,
19,42426284,713,102,
19,42426337,93,39,
19,42426412,29,13,
19,42426589,283,94,
19,42426657,70,109,
19,42427132,325,732,
19,42427169,193,71,
19,42427428,85,66,
19,42427812,8,0,
19,42427826,97,49,
19,42427888,842,262,
19,42427916,143,65,
19,42428162,118,115,
19,42428179,172,72,
19,42428256,98,90,
19,42428290,158,215,
19,42428332,35,11,
19,42428722,94,13,
19,42428838,60,30,
19,42429045,212,363,
19,42429197,252,137,
19,42429600,48,22,
19,42429606,413,206,
19,42429646,62,114,
19,42429672,116,27,
19,42430024,109,27,
19,42430080,80,38,
19,42430109,37,10,
19,42430184,206,176,
19,42430265,93,26,
19,42430296,37,34,
19,42430317,94,105,
19,42430450,685,574,
19,42430804,53,7,
19,42431046,135,66,
19,42431090,347,394,
19,42431103,527,985,
19,42431186,305,112,
19,42431299,16,3,
19,42431361,109,73,
19,42432004,182,71,
19,42432151,559,326,
19,42432374,247,147,
19,42432494,112,203,
19,42432631,60,29,
19,42432730,353,147,
19,42432736,114,146,
19,42432867,354,129,
19,42432914,583,327,
19,42432979,97,16,
19,42433044,791,544,
19,42433152,63,80,
19,42433199,175,65,
19,42433205,187,249,
19,42433404,58,18,
19,42433609,102,54,
19,42433734,38,29,
19,42433807,29,5,
19,42434331,70,13,
19,42434440,45,8,
19,42434769,145,9,
19,42434947,287,212,
19,42435099,169,7,
19,42435127,87,26,
19,42435254,15,4,
19,42435267,51,12,
19,42435282,36,9,
19,42435531,7,1,
19,42435620,180,137,
19,42435688,23,3,
19,42435972,561,299,
19,42436097,122,126,
19,42436440,199,52,
19,42436556,8,6,
19,42436570,88,85,
19,42436589,45,2,
19,42436672,14,0,
19,42436783,191,54,
19,42437070,77,18,
19,42437201,163,109,
19,42437276,15,0,
19,42437400,44,21,
19,42437460,7,0,
19,42437697,76,37,
19,42437816,10,1,
19,42437828,53,5,
19,42437974,9,2,
19,42438009,185,119,
19,42438063,133,86,
19,42438175,371,419,
19,42438449,148,22,
19,42438767,298,46,
19,42438918,97,14,
19,42438966,26,5,
19,42439143,28,2,
19,42439456,32,22,
19,42439582,16,2,
19,42439897,13,1,
19,42439921,114,141,
19,42439956,317,121,
19,42440016,185,31,
19,42440121,59,3,
19,42440185,66,24,
19,42440496,172,27,
19,42440723,15,0,
19,42440767,190,70,
19,42440886,541,267,
19,42440922,201,108,
19,42440930,21,2,
19,42441258,215,61,
19,42441333,723,263,
19,42441502,272,321,
19,42441609,144,159,
19,42441772,121,44,
19,42442054,19,0,
19,42442104,11,1,
19,42442354,405,78,
19,42442812,197,48,
19,42442820,11,0,
19,42442852,125,79,
19,42443022,121,44,
19,42443210,45,11,
19,42443229,3098,250,
19,42443406,163,197,
19,42443456,25,53,
19,42443737,27,14,
19,42443870,104,27,
19,42443987,109,104,
19,42444083,31,4,
19,42444342,6,0,
19,42444535,22,1,
19,42444718,28,50,
19,42444817,166,360,
19,42444820,56,7,
19,42444821,30,4,
19,42444830,34,16,
19,42444856,109,8,
19,42444924,37,9,
19,42445037,647,657,
19,42445102,68,23,
19,42445239,110,24,
19,42445328,73,94,
19,42445508,183,46,
19,42445636,38,1,
19,42445820,19,27,
19,42445834,174,138,
19,42446153,18,2,
19,42446686,357,575,
19,42446846,269,62,
19,42446889,132,66,
19,42446980,11,12,
19,42447012,140,57,
19,42447053,225,49,
19,42447059,94,25,
19,42447071,289,151,
19,42447248,12,0,
19,42447332,20,5,
19,42447580,84,10,
19,42447628,52,6,
19,42447762,166,255,
19,42448184,160,23,
19,42448193,91,28,
19,42448639,24,3,
19,42448654,14,5,
19,42448913,169,42,
19,42448939,270,289,
19,42449026,12,1,
19,42449102,43,47,
19,42449363,75,7,
19,42449424,244,116,
19,42449497,338,64,
19,42449588,157,91,
19,42449602,288,306,
19,42449647,59,31,
19,42449817,54,18,26
19,42449823,58,7,
19,42449915,31,48,
19,42449951,80,19,
19,42450002,4,2,
19,42450051,33,15,
19,42450213,66,115,
19,42450221,342,351,
19,42450223,64,2,
19,42450227,167,47,
19,42450232,101,9,
19,42450269,6,2,
19,42450274,42,24,
19,42450389,41,37,
19,42450413,451,1338,
19,42450487,22,10,
19,42450592,6,0,
19,42450811,11,9,
19,42450913,59,16,
19,42450950,244,129,
19,42450963,83,79,
19,42450969,11,1,
19,42451010,44,3,
19,42451130,172,240,
19,42451135,315,345,12
19,42451327,111,112,
19,42451409,61,14,
19,42451447,12,2,
19,42451568,21,0,
19,42451640,24,7,
19,42451707,164,75,
19,42451968,214,141,17
19,42452057,3,0,
19,42452285,63,44,
19,42452344,10,2,
19,42452358,99,26,
19,42452527,47,91,
19,42452640,185,180,13
19,42452983,3,0,
19,42453031,8,0,
19,42453036,8,11,
19,42453207,680,557,
19,42453341,537,374,
19,42453431,97,18,
19,42453650,55,15,
19,42453660,359,316,
19,42453743,53,49,
19,42453939,170,43,
19,42453996,9,0,
19,42454132,14,0,
19,42454139,44,29,
19,42454359,676,257,
19,42454405,329,305,
19,42454411,7,0,
19,42454421,5,0,
19,42454454,73,11,
19,42454481,7,0,
19,42454586,206,65,
19,42454723,67,56,
19,42454904,27,6,
19,42454929,400,330,
19,42454934,92,64,
19,42454994,26,18,30
19,42455051,22,5,
19,42455214,19,12,
19,42455809,25,4,
19,42455928,18,2,
19,42455992,54,35,
19,42456048,25,12,
19,42456071,12,0,
19,42456109,7,0,
19,42456310,192,163,
19,42456339,6,1,
19,42456417,70,12,
19,42456492,200,100,18
19,42456574,23,10,
19,42456585,165,78,
19,42456707,59,2,
19,42456715,100,26,
19,42456802,57,2,17
19,42456998,45,23,
19,42457055,56,20,
19,42457178,142,140,
19,42457182,152,130,
19,42457186,10,1,
19,42457213,211,51,
19,42457282,13,9,
19,42457321,207,51,
19,42457342,10,11,
19,42457383,37,17,
19,42457387,11,1,
19,42457436,129,135,
19,42457515,136,101,
19,42457539,4,0,
19,42457673,5,4,
19,42457712,150,30,
19,42457782,157,23,
19,42457787,16,6,
19,42457816,177,37,
19,42457820,58,9,
19,42458066,12,12,
19,42458429,69,39,
19,42458431,414,524,
19,42458599,166,105,
19,42458752,299,353,
19,42458861,12,0,
19,42460008,14,2,
19,42460107,16,3,
19,42460131,42,26,
19,42460132,85,78,
19,42460217,91,59,
19,42460494,80,5,
19,42460748,32,7,
19,42461258,14,0,
19,42461260,3,0,
19,42461264,201,192,
19,42461512,4,0,
19,42461530,563,374,
19,42461688,582,179,
19,42461860,106,9,
19,42461964,97,55,
19,42462078,107,40,
19,42462189,10,6,
19,42462348,77,37,
19,42462354,109,16,
19,42462804,3,0,
19,42462863,23,10,
19,42463123,436,84,
19,42463295,111,116,
19,42463315,343,74,
19,42463525,138,79,
19,42463943,19,3,
19,42464033,7,3,
19,42464138,95,106,
19,42464185,15,22,
19,42464310,218,84,
19,42464557,198,57,
19,42464559,39,0,
19,42464679,138,265,
19,42464850,43,23,
19,42464966,157,163,
19,42465109,85,26,
19,42465168,3,0,
19,42465378,214,96,
19,42465535,265,204,
19,42465610,68,65,
19,42465907,7,3,15
19,42466507,40,2,
19,42466676,389,119,
19,42467194,887,273,
19,42467233,8,2,
19,42467236,57,53,
19,42467250,15,1,
19,42467308,54,62,
19,42467375,304,250,
19,42467449,68,33,
19,42467937,139,61,24
19,42468111,45,9,
19,42468214,355,32,
19,42468318,512,100,
19,42468362,61,55,
19,42468402,113,136,8
19,42468554,53,45,
19,42468594,56,29,
19,42468664,29,17,
19,42469074,534,117,
19,42469264,176,470,
19,42469560,62,12,
19,42469945,5,0,
19,42469964,6,1,
19,42470001,42,35,
19,42470040,194,111,
19,42470202,164,141,
19,42470238,30,6,
19,42470541,628,115,
19,42470700,18,1,
19,42471654,4,5,
19,42471861,67,25,
19,42471913,297,66,
19,42471927,154,61,
19,42471933,55,5,
19,42472247,189,333,
19,42472384,63,30,
19,42472473,10,0,
19,42472519,120,25,
19,42472828,44,24,
19,42473032,522,285,
19,42473282,30,2,
19,42473321,1642,1684,
19,42473834,39,6,
19,42474004,6,0,
19,42474458,75,19,
19,42474943,7,1,
19,42475011,114,55,
19,42475228,206,126,
19,42475526,62,31,
19,42475703,238,34,
19,42475798,105,32,
19,42476185,11,2,
19,42476192,283,143,
19,42476209,40,6,
19,42476240,7,2,
19,42476828,535,190,
19,42476876,129,39,25
19,42476906,5,0,
19,42477226,5,0,
19,42477281,16,1,
19,42477463,7,0,
19,42477534,30,3,
19,42477564,48,42,
19,42477843,131,50,19
19,42477882,12,2,
19,42478000,15,6,8
19,42478654,24,22,
19,42478728,99,48,
19,42478897,28,67,
19,42478911,126,39,27
19,42478962,49,35,
19,42479014,7,0,
19,42479103,42,51,
19,42479133,7,0,
19,42479233,454,167,15
19,42479510,12,7,
19,42479866,175,37,
19,42480035,8,0,
19,42480083,7,5,
19,42480105,342,179,21
19,42480184,18,0,
19,42480617,15,3,
19,42480624,200,123,28
19,42480700,5,1,
19,42480706,41,37,
19,42480885,31,13,
19,42481206,409,52,11
19,42481249,115,45,29
19,42481295,6,0,
19,42481385,44,6,
19,42481612,150,61,23
19,42481659,112,44,
19,42481668,89,37,
19,42481714,5,0,
19,42481813,119,30,20
19,42481816,12,5,
19,42481900,6,3,
19,42481982,32,13,
19,42482289,34,7,
19,42482509,21,7,
19,42482635,16,4,
19,42482684,30,12,
19,42482708,23,4,
19,42482829,229,99,14
19,42482841,12,6,
19,42483031,26,3,
19,42483037,12,3,
19,42483175,46,2,
19,42483239,14,3,
19,42483304,15,9,
19,42483310,6,3,
19,42483328,70,89,
19,42483367,12,0,
19,42483500,66,16,
19,42483522,10,1,
19,42483543,43,15,
19,42483871,23,0,
19,42483895,326,99,22
19,42483997,5,0,
19,42484109,7,0,
19,42484139,167,64,7
19,42484527,151,38,5
19,42484538,16,1,
19,42484632,13,3,
19,42484724,5,1,
19,42484911,93,16,6
19,42485007,4,0,
19,42485088,11,2,3
19,42485124,627,334,4
19,42485160,72,81,
19,42485365,6,0,
19,42485562,45,58,
19,42485647,42,54,
19,42485689,7,0,
19,42485795,148,36,1
19,42485797,20,4,2
19,42485938,66,102,
19,42486011,12,2,
19,42486070,24,30,
19,42486839,12,5,
19,42486923,3,0,
19,42487156,5,6,
19,42487269,42,0,
19,42487301,97,24,3
19,42487321,12,1,
19,42487362,7,0,
19,42487427,4,0,
19,42487469,3,0,
19,42487472,4,1,
19,42487645,9,1,
19,42487677,35,9,
19,42487721,5,0,
19,42487746,15,9,27
19,42487912,4,0,
19,42487916,8,0,
19,42488112,3,0,
19,42488150,7,1,
19,42488270,10,2,14
19,42488279,28,12,2
20,42421689,196,37,
20,42421824,108,69,
20,42421835,36,34,
20,42422077,253,154,
20,42422113,27,4,
20,42422138,38,7,
20,42422548,41,7,
20,42422703,81,18,
20,42422942,166,17,
20,42423253,286,66,
20,42423282,49,27,
20,42423409,728,192,
20,42423742,74,20,
20,42423753,40,11,
20,42423880,19,2,
20,42423988,117,48,
20,42424370,207,62,
20,42424508,268,89,
20,42424572,35,22,
20,42424879,119,31,
20,42424904,240,71,
20,42425000,17,2,
20,42425038,127,83,
20,42425139,162,45,
20,42425268,52,25,
20,42425339,313,144,
20,42425398,381,438,
20,42425489,47,8,
20,42425770,237,100,
20,42426284,713,102,
20,42426337,93,39,
20,42426412,29,13,
20,42426589,283,94,
20,42426657,70,109,
20,42427132,326,732,
20,42427169,193,72,
20,42427428,85,66,
20,42427812,8,0,
20,42427826,97,49,
20,42427888,842,262,
20,42427916,143,65,
20,42428162,118,115,
20,42428179,172,72,
20,42428256,98,90,
20,42428290,159,216,
20,42428332,35,11,
20,42428722,94,13,
20,42428838,60,30,
20,42429045,212,363,
20,42429197,252,137,
20,42429600,48,22,
20,42429606,413,206,
20,42429646,62,114,
20,42429672,116,27,
20,42430024,109,27,
20,42430080,81,38,
20,42430109,37,10,
20,42430184,206,176,
20,42430265,93,26,
20,42430296,37,34,
20,42430317,94,105,
20,42430450,685,574,
20,42430804,53,7,
20,42431046,135,66,
20,42431090,347,394,
20,42431103,527,985,
20,42431186,305,112,
20,42431299,16,3,
20,42431361,109,73,
20,42432004,182,71,
20,42432151,559,326,
20,42432374,247,147,
20,42432494,112,203,
20,42432631,60,29,
20,42432730,353,147,
20,42432736,114,149,
20,42432867,354,129,
20,42432914,584,327,
20,42432979,97,16,
20,42433044,792,544,
20,42433152,63,80,
20,42433199,175,65,
20,42433205,187,249,
20,42433404,58,18,
20,42433609,102,54,
20,42433734,38,29,
20,42433807,29,5,
20,42434331,70,13,
20,42434440,45,8,
20,42434769,145,9,
20,42434947,287,212,
20,42435099,169,7,
20,42435127,87,26,
20,42435254,15,4,
20,42435267,51,12,
20,42435282,36,9,
20,42435531,7,1,
20,42435620,180,137,
20,42435688,23,3,
20,42435972,561,299,
20,42436097,122,127,
20,42436440,199,52,
20,42436556,8,6,
20,42436570,88,85,
20,42436589,45,2,
20,42436783,191,54,
20,42437070,77,18,
20,42437201,165,109,
20,42437400,44,21,
20,42437460,7,0,
20,42437697,76,37,
20,42437816,10,1,
20,42437828,53,5,
20,42437974,9,2,
20,42438009,185,119,
20,42438063,134,86,
20,42438175,371,419,
20,42438449,148,22,
20,42438767,298,46,
20,42438918,97,14,
20,42438966,26,5,
20,42439143,28,2,
20,42439456,32,22,
20,42439582,16,2,
20,42439897,13,1,
20,42439921,114,141,
20,42439956,318,121,
20,42440016,185,31,
20,42440121,59,3,
20,42440185,66,24,
20,42440496,172,27,
20,42440767,190,70,
20,42440886,541,267,
20,42440922,201,108,
20,42440930,21,2,
20,42441258,215,61,
20,42441333,723,263,
20,42441502,272,321,
20,42441609,145,159,
20,42441772,121,44,
20,42442054,19,0,
20,42442104,11,1,
20,42442354,405,78,
20,42442812,197,48,
20,42442820,11,0,
20,42442852,125,80,
20,42443022,121,44,
20,42443210,45,11,
20,42443229,3099,250,
20,42443406,163,197,
20,42443456,25,53,
20,42443737,27,14,
20,42443870,104,27,
20,42443987,109,104,
20,42444083,31,4,
20,42444342,6,0,
20,42444535,22,1,
20,42444718,28,52,
20,42444817,166,360,
20,42444820,56,7,
20,42444821,30,4,
20,42444830,34,16,
20,42444856,109,8,
20,42444924,37,9,
20,42445037,647,660,
20,42445102,69,23,
20,42445239,110,24,
20,42445328,73,94,
20,42445508,183,46,
20,42445636,38,1,
20,42445820,19,28,
20,42445834,174,138,
20,42446153,18,2,
20,42446686,357,578,
20,42446846,269,62,
20,42446889,132,66,
20,42446980,11,12,
20,42447012,140,57,
20,42447053,225,49,
20,42447059,94,25,
20,42447071,289,151,
20,42447248,12,0,
20,42447332,20,5,
20,42447580,85,10,
20,42447628,54,6,
20,42447762,166,255,
20,42448184,160,23,
20,42448193,91,28,
20,42448639,24,3,
20,42448654,14,5,
20,42448913,169,42,
20,42448939,270,289,
20,42449026,12,1,
20,42449102,43,47,
20,42449363,75,7,
20,42449424,244,116,
20,42449497,338,64,
20,42449588,157,91,
20,42449602,288,306,
20,42449647,59,31,
20,42449817,55,18,
20,42449823,58,7,
20,42449915,31,48,
20,42449951,80,19,
20,42450051,33,15,
20,42450213,66,115,
20,42450221,343,352,
20,42450223,64,2,
20,42450227,168,47,
20,42450232,101,9,
20,42450274,42,24,
20,42450389,41,38,
20,42450413,451,1338,
20,42450487,22,10,
20,42450811,11,9,
20,42450913,59,16,
20,42450950,244,129,
20,42450963,83,79,
20,42450969,11,1,
20,42451010,44,3,
20,42451130,172,240,
20,42451135,325,364,15
20,42451327,113,117,
20,42451409,61,14,
20,42451447,12,2,
20,42451640,24,7,
20,42451707,164,75,
20,42451968,227,148,21
20,42452057,3,0,
20,42452285,63,44,
20,42452344,10,2,
20,42452358,99,26,
20,42452527,47,91,
20,42452640,192,194,18
20,42452983,3,0,
20,42453031,8,0,
20,42453036,8,11,
20,42453207,680,557,
20,42453341,537,376,
20,42453431,97,18,
20,42453650,55,15,
20,42453660,359,316,
20,42453743,53,49,
20,42453939,170,43,
20,42453996,9,0,
20,42454132,14,0,
20,42454139,44,29,
20,42454359,676,257,
20,42454405,329,305,
20,42454411,7,0,
20,42454421,5,0,
20,42454454,73,11,
20,42454481,7,0,
20,42454586,206,65,
20,42454723,67,56,
20,42454904,27,6,
20,42454929,400,330,
20,42454934,92,64,
20,42454994,27,18,
20,42455051,23,6,
20,42455214,19,12,
20,42455809,25,4,
20,42455992,54,35,
20,42456048,27,12,
20,42456071,12,0,
20,42456109,7,0,
20,42456310,192,163,
20,42456339,6,1,
20,42456417,70,12,
20,42456492,205,106,22
20,42456574,23,10,
20,42456585,165,78,
20,42456707,59,2,
20,42456715,100,26,
20,42456802,62,2,19
20,42456998,45,24,
20,42457055,56,20,
20,42457178,142,140,
20,42457182,152,130,
20,42457186,10,1,
20,42457213,212,51,
20,42457282,13,9,
20,42457321,207,51,
20,42457342,10,11,
20,42457383,38,17,
20,42457387,11,1,
20,42457436,129,135,
20,42457515,136,101,
20,42457539,4,0,
20,42457673,5,4,
20,42457712,150,30,
20,42457782,157,23,
20,42457787,16,6,
20,42457816,177,37,
20,42457820,58,9,
20,42458066,12,12,
20,42458429,69,40,
20,42458431,414,524,
20,42458599,166,105,
20,42458752,299,353,
20,42458861,12,0,
20,42460107,16,3,
20,42460131,42,26,
20,42460132,85,78,
20,42460217,91,59,
20,42460494,80,5,
20,42460748,32,7,
20,42461258,14,0,
20,42461260,3,0,
20,42461264,201,192,
20,42461512,4,0,
20,42461530,563,374,
20,42461688,582,179,
20,42461860,106,9,
20,42461964,97,55,
20,42462078,108,43,
20,42462189,10,6,
20,42462348,77,37,
20,42462354,109,16,
20,42462804,3,0,
20,42462863,23,10,
20,42462904,11,0,14
20,42463123,436,84,
20,42463295,111,116,
20,42463315,343,74,
20,42463525,138,79,
20,42463943,19,3,
20,42464033,7,3,
20,42464138,95,106,
20,42464185,15,22,
20,42464310,218,84,
20,42464557,198,57,
20,42464559,39,0,
20,42464679,138,265,
20,42464850,43,24,
20,42464966,157,163,
20,42465109,85,26,
20,42465168,3,0,
20,42465378,214,96,
20,42465535,265,204,
20,42465610,68,65,
20,42465907,14,9,14
20,42466507,41,2,
20,42466676,389,119,
20,42467194,887,273,
20,42467233,8,2,
20,42467236,57,53,
20,42467250,15,1,
20,42467308,54,62,
20,42467375,304,254,
20,42467449,68,33,
20,42467937,143,63,
20,42468111,46,9,
20,42468214,356,32,
20,42468318,512,100,
20,42468362,61,55,
20,42468402,126,154,10
20,42468554,53,45,
20,42468594,56,30,
20,42468664,29,17,
20,42469074,535,117,
20,42469264,176,470,
20,42469560,62,12,
20,42469945,5,0,
20,42469964,6,1,
20,42470001,42,35,
20,42470040,199,121,
20,42470202,164,141,
20,42470238,31,6,
20,42470541,630,115,
20,42470700,19,1,
20,42471654,4,5,
20,42471861,67,25,
20,42471913,298,66,
20,42471927,154,61,
20,42471933,55,5,
20,42472247,189,333,
20,42472384,64,30,
20,42472473,10,0,
20,42472519,122,25,
20,42472828,44,24,
20,42473032,522,285,
20,42473321,1645,1684,
20,42473834,40,6,
20,42474004,6,0,
20,42474458,75,19,
20,42474943,7,1,
20,42475011,114,55,
20,42475228,206,126,
20,42475526,62,31,
20,42475703,238,34,
20,42475798,107,32,
20,42476185,11,2,
20,42476192,283,144,
20,42476209,40,6,
20,42476240,7,2,
20,42476828,540,192,
20,42476876,130,39,
20,42476906,5,0,
20,42477226,5,0,
20,42477281,16,1,
20,42477463,7,0,
20,42477534,30,3,
20,42477564,48,42,
20,42477843,135,52,25
20,42477882,12,2,
20,42478000,20,15,16
20,42478654,24,22,
20,42478728,99,48,
20,42478897,28,67,
20,42478911,130,42,
20,42478962,49,35,
20,42479014,7,0,
20,42479103,44,51,
20,42479133,7,0,
20,42479233,456,171,
20,42479510,12,7,
20,42479866,177,38,
20,42480035,8,0,
20,42480083,7,5,
20,42480105,347,184,26
20,42480184,18,0,
20,42480617,15,3,
20,42480624,201,124,
20,42480706,41,37,
20,42480885,31,13,
20,42481206,420,52,14
20,42481249,116,46,
20,42481295,6,0,
20,42481385,44,6,
20,42481612,150,62,30
20,42481659,113,44,
20,42481668,90,38,
20,42481714,5,0,
20,42481813,124,31,27
20,42481816,12,5,
20,42481900,6,3,
20,42481982,32,13,
20,42482289,34,7,
20,42482509,21,7,
20,42482635,16,6,
20,42482684,30,12,
20,42482708,23,4,
20,42482829,234,100,23
20,42482841,13,6,
20,42483031,27,3,
20,42483037,12,3,
20,42483175,46,2,
20,42483239,14,3,
20,42483304,15,9,
20,42483310,6,3,
20,42483328,70,89,
20,42483367,12,0,
20,42483500,70,17,
20,42483522,11,1,
20,42483543,43,15,
20,42483871,23,0,
20,42483895,343,104,28
20,42483997,5,0,
20,42484109,7,0,
20,42484139,171,68,13
20,42484527,157,38,7
20,42484538,17,1,
20,42484632,14,3,
20,42484724,5,1,
20,42484790,5,3,17
20,42484911,97,24,8
20,42485088,33,15,3
20,42485124,662,358,8
20,42485160,73,83,
20,42485365,6,0,
20,42485498,4,0,
20,42485536,6,0,
20,42485562,46,58,
20,42485647,42,54,
20,42485689,71,10,1
20,42485795,181,56,1
20,42485797,23,5,6
20,42485818,3,0,
20,42485938,69,104,
20,42486011,12,3,
20,42486070,24,31,
20,42486610,43,3,5
20,42486682,4,3,
20,42486839,19,7,
20,42486923,6,2,27
20,42487156,10,7,
20,42487269,46,0,
20,42487301,114,30,5
20,42487321,13,1,
20,42487362,7,0,
20,42487427,4,0,
20,42487469,3,0,
20,42487472,4,1,
20,42487645,9,1,
20,42487677,37,11,
20,42487721,5,0,
20,42487746,35,35,19
20,42487912,5,0,
20,42487916,9,0,
20,42487929,3,0,
20,42488112,45,7,3
20,42488150,17,2,
20,42488270,20,5,12
20,42488583,7,0,
20,42488680,12,0,
20,42488715,5,1,
20,42488863,3,0,
20,42488955,3,0,
21,42421689,196,37,
21,42421824,108,69,
21,42421835,36,34,
21,42422077,254,154,
21,42422113,27,4,
21,42422138,38,7,
21,42422548,41,7,
21,42422703,81,18,
21,42422942,166,17,
21,42423253,286,66,
21,42423282,49,27,
21,42423409,728,192,
21,42423742,74,20,
21,42423753,40,11,
21,42423880,19,2,
21,42423988,117,48,
21,42424370,207,62,
21,42424508,268,89,
21,42424879,119,31,
21,42424904,240,71,
21,42425000,17,2,
21,42425038,127,83,
21,42425139,162,45,
21,42425268,52,25,
21,42425339,313,144,
21,42425398,382,438,
21,42425489,47,8,
21,42425770,237,100,
21,42426284,713,102,
21,42426337,93,39,
21,42426412,29,13,
21,42426589,283,94,
21,42426657,70,109,
21,42427132,326,733,
21,42427169,193,72,
21,42427428,85,66,
21,42427812,8,0,
21,42427826,97,49,
21,42427888,843,262,
21,42427916,143,65,
21,42428162,118,115,
21,42428179,172,72,
21,42428256,98,90,
21,42428290,159,216,
21,42428332,35,11,
21,42428722,94,13,
21,42428838,60,30,
21,42429045,212,363,
21,42429197,252,137,
21,42429600,48,22,
21,42429606,413,206,
21,42429646,62,114,
21,42429672,116,27,
21,42430024,109,27,
21,42430080,81,38,
21,42430109,37,10,
21,42430184,206,176,
21,42430265,93,26,
21,42430296,37,34,
21,42430317,94,105,
21,42430450,685,574,
21,42430804,53,7,
21,42431046,135,66,
21,42431090,347,394,
21,42431103,527,985,
21,42431186,305,112,
21,42431299,16,3,
21,42431361,109,73,
21,42432004,182,71,
21,42432151,559,326,
21,42432374,247,147,
21,42432494,112,203,
21,42432631,60,29,
21,42432730,353,147,
21,42432736,114,149,
21,42432867,354,129,
21,42432914,584,327,
21,42432979,97,16,
21,42433044,792,544,
21,42433152,63,80,
21,42433199,175,65,
21,42433205,187,249,
21,42433404,58,18,
21,42433609,102,54,
21,42433734,38,29,
21,42433807,29,5,
21,42434331,70,13,
21,42434440,45,8,
21,42434769,145,9,
21,42434947,287,212,
21,42435099,169,7,
21,42435127,87,26,
21,42435254,15,4,
21,42435267,51,12,
21,42435282,36,9,
21,42435531,7,1,
21,42435620,180,137,
21,42435688,23,3,
21,42435972,562,299,
21,42436097,122,127,
21,42436440,199,52,
21,42436556,8,6,
21,42436570,88,85,
21,42436589,45,2,
21,42436783,191,54,
21,42437070,77,18,
21,42437201,165,109,
21,42437400,44,21,
21,42437697,76,37,
21,42437828,53,5,
21,42437974,9,2,
21,42438063,134,86,
21,42438175,371,419,
21,42438449,148,22,
21,42438767,298,46,
21,42438918,97,14,
21,42438966,26,5,
21,42439143,28,2,
21,42439456,32,22,
21,42439582,16,2,
21,42439897,13,1,
21,42439956,318,121,
21,42440016,185,31,
21,42440121,59,3,
21,42440185,66,24,
21,42440496,172,27,
21,42440767,190,70,
21,42440886,541,267,
21,42440922,201,108,
21,42440930,21,2,
21,42441258,215,61,
21,42441333,724,263,
21,42441502,272,321,
21,42441609,146,159,
21,42441772,121,44,
21,42442054,19,0,
21,42442104,11,1,
21,42442354,405,78,
21,42442812,197,48,
21,42442820,11,0,
21,42442852,125,81,
21,42443022,121,44,
21,42443210,46,11,
21,42443229,3101,250,
21,42443406,163,197,
21,42443737,27,14,
21,42443870,104,27,
21,42443987,109,104,
21,42444083,31,4,
21,42444535,22,1,
21,42444718,28,52,
21,42444817,166,360,
21,42444820,56,7,
21,42444821,30,4,
21,42444830,34,16,
21,42444856,109,8,
21,42444924,37,9,
21,42445037,648,660,
21,42445102,69,24,
21,42445239,110,24,
21,42445328,73,94,
21,42445508,183,46,
21,42445636,38,1,
21,42445820,19,28,
21,42445834,174,138,
21,42446686,357,579,
21,42446846,269,62,
21,42446889,132,66,
21,42446980,11,12,
21,42447012,140,57,
21,42447053,225,49,
21,42447059,94,25,
21,42447071,290,151,
21,42447248,12,0,
21,42447332,20,5,
21,42447580,86,10,
21,42447628,54,6,
21,42447762,166,255,
21,42448184,160,23,
21,42448193,91,28,
21,42448639,24,3,
21,42448654,14,5,
21,42448913,169,42,
21,42448939,270,289,
21,42449026,12,1,
21,42449102,43,47,
21,42449363,75,7,
21,42449424,244,116,
21,42449497,338,64,
21,42449588,157,91,
21,42449602,288,306,
21,42449647,59,31,
21,42449817,56,18,
21,42449823,58,7,
21,42449915,31,48,
21,42449951,80,19,
21,42450051,33,15,
21,42450213,66,116,
21,42450221,343,352,
21,42450223,64,2,
21,42450227,168,47,
21,42450232,101,9,
21,42450274,42,24,
21,42450389,41,38,
21,42450413,451,1338,
21,42450487,22,11,
21,42450811,11,9,
21,42450913,59,16,
21,42450950,244,129,
21,42450963,83,79,
21,42450969,11,1,
21,42451010,44,3,
21,42451130,172,240,
21,42451135,332,378,18
21,42451327,113,119,
21,42451409,61,14,
21,42451447,12,2,
21,42451640,24,7,
21,42451707,164,75,
21,42451968,232,155,25
21,42452285,63,44,
21,42452344,10,2,
21,42452358,99,26,
21,42452527,47,91,
21,42452640,198,213,23
21,42452983,3,0,
21,42453031,8,0,
21,42453036,8,11,
21,42453207,680,557,
21,42453341,537,376,
21,42453431,97,18,
21,42453650,55,15,
21,42453660,360,316,
21,42453743,54,50,
21,42453939,170,43,
21,42453996,9,0,
21,42454132,14,0,
21,42454139,44,29,
21,42454359,676,258,
21,42454405,329,305,
21,42454411,7,0,
21,42454421,5,0,
21,42454454,73,11,
21,42454481,7,0,
21,42454586,206,65,
21,42454723,67,56,
21,42454904,27,6,
21,42454929,400,330,
21,42454934,92,64,
21,42454994,29,20,
21,42455051,23,6,
21,42455214,19,12,
21,42455809,25,4,
21,42455992,54,35,
21,42456048,27,12,
21,42456071,12,0,
21,42456109,7,0,
21,42456310,192,163,
21,42456339,6,1,
21,42456417,70,12,
21,42456492,208,111,28
21,42456574,23,10,
21,42456585,165,78,
21,42456707,59,2,
21,42456715,100,26,
21,42456802,67,2,26
21,42456998,45,24,
21,42457055,56,20,
21,42457178,142,140,
21,42457182,152,130,
21,42457186,10,1,
21,42457213,215,51,
21,42457282,13,9,
21,42457321,207,51,
21,42457342,11,11,
21,42457383,38,17,
21,42457387,12,1,
21,42457436,129,135,
21,42457515,136,101,
21,42457539,4,0,
21,42457673,5,4,
21,42457712,150,30,
21,42457782,157,23,
21,42457787,16,6,
21,42457816,177,37,
21,42457820,58,9,
21,42458066,12,12,
21,42458429,69,40,
21,42458431,414,524,
21,42458599,166,105,
21,42458752,299,353,
21,42458861,12,0,
21,42460107,16,3,
21,42460131,42,26,
21,42460132,85,78,
21,42460217,92,60,
21,42460494,80,5,
21,42460748,32,7,
21,42461258,14,0,
21,42461260,3,0,
21,42461264,201,193,
21,42461512,4,0,
21,42461530,563,374,
21,42461688,582,179,
21,42461860,106,9,
21,42461964,97,55,
21,42462078,108,45,
21,42462189,10,6,
21,42462348,77,37,
21,42462354,109,16,
21,42462804,3,0,
21,42462863,23,10,
21,42462904,19,0,6
21,42463123,436,84,
21,42463295,111,116,
21,42463315,343,74,
21,42463525,138,79,
21,42463943,19,3,
21,42464033,7,3,
21,42464138,95,105,
21,42464185,15,22,
21,42464310,218,84,
21,42464557,198,57,
21,42464559,39,0,
21,42464679,138,265,
21,42464850,43,24,
21,42464966,157,163,
21,42465109,85,26,
21,42465168,3,0,
21,42465378,214,96,
21,42465535,265,204,
21,42465610,68,65,
21,42465907,19,13,14
21,42466507,42,2,
21,42466676,389,119,
21,42467194,888,273,
21,42467233,8,2,
21,42467236,57,53,
21,42467250,15,1,
21,42467308,54,62,
21,42467375,304,254,
21,42467449,68,33,
21,42467937,144,63,
21,42468111,46,9,
21,42468214,356,32,
21,42468318,513,100,
21,42468402,129,168,16
21,42468554,54,45,
21,42468594,56,31,
21,42468664,29,17,
21,42469074,535,117,
21,42469264,176,470,
21,42469284,13,5,23
21,42469560,62,12,
21,42469945,5,0,
21,42469964,6,1,
21,42470001,42,35,
21,42470040,200,121,
21,42470202,164,141,
21,42470238,32,6,
21,42470541,630,115,
21,42470700,19,1,
21,42471654,4,5,
21,42471861,67,25,
21,42471913,298,66,
21,42471927,154,61,
21,42471933,55,5,
21,42472247,189,333,
21,42472384,64,30,
21,42472473,10,0,
21,42472519,124,25,
21,42472828,44,24,
21,42473032,522,285,
21,42473321,1647,1685,
21,42473834,40,6,
21,42474004,6,0,
21,42474458,75,19,
21,42474943,7,1,
21,42475011,114,55,
21,42475228,206,126,
21,42475526,62,31,
21,42475703,238,34,
21,42475798,107,32,
21,42476185,11,2,
21,42476192,283,144,
21,42476209,40,6,
21,42476240,7,2,
21,42476828,541,193,
21,42476876,130,40,
21,42476906,5,0,
21,42477226,5,0,
21,42477281,16,1,
21,42477463,7,0,
21,42477534,30,3,
21,42477564,48,42,
21,42477843,136,54,
21,42477882,12,2,
21,42478000,22,17,21
21,42478654,24,22,
21,42478728,99,49,
21,42478897,28,67,
21,42478911,137,45,
21,42478962,49,35,
21,42479014,7,0,
21,42479103,46,52,
21,42479133,7,0,
21,42479233,458,172,
21,42479510,13,7,
21,42479866,177,38,
21,42480035,8,0,
21,42480083,7,5,
21,42480105,348,188,
21,42480184,18,0,
21,42480617,15,3,
21,42480624,201,125,
21,42480706,41,37,
21,42480885,31,13,
21,42481206,426,52,19
21,42481249,118,46,
21,42481295,6,0,
21,42481385,44,6,
21,42481612,150,62,
21,42481659,113,45,
21,42481668,90,39,
21,42481714,5,0,
21,42481813,125,31,
21,42481816,12,5,
21,42481900,6,3,
21,42481982,32,13,
21,42482289,34,7,
21,42482509,21,7,
21,42482635,16,6,
21,42482684,30,12,
21,42482708,23,4,
21,42482829,234,100,30
21,42482841,13,6,
21,42483031,27,3,
21,42483037,12,3,
21,42483175,46,2,
21,42483239,14,3,
21,42483304,15,9,
21,42483310,6,3,
21,42483328,70,92,
21,42483500,76,21,
21,42483522,11,1,
21,42483543,44,15,
21,42483871,24,1,
21,42483895,346,108,
21,42483997,5,0,
21,42484109,7,0,
21,42484139,173,75,17
21,42484527,159,38,11
21,42484538,17,1,
21,42484632,14,3,
21,42484724,5,1,
21,42484790,8,4,29
21,42484911,99,27,13
21,42485088,48,31,4
21,42485124,690,372,10
21,42485160,74,84,
21,42485365,6,0,
21,42485498,5,0,
21,42485536,6,0,
21,42485562,46,59,
21,42485647,44,54,
21,42485689,121,25,1
21,42485795,201,68,2
21,42485797,28,6,7
21,42485818,3,0,
21,42485938,79,109,
21,42486011,12,2,
21,42486070,24,33,
21,42486610,87,7,5
21,42486682,4,4,
21,42486785,5,0,
21,42486839,19,8,
21,42486923,6,3,
21,42487156,11,10,
21,42487269,48,0,
21,42487301,125,31,8
21,42487321,13,1,
21,42487362,8,0,
21,42487427,4,0,
21,42487469,3,0,
21,42487472,5,1,
21,42487645,9,1,
21,42487670,6,0,
21,42487674,5,2,22
21,42487677,38,12,
21,42487721,5,0,
21,42487746,36,55,29
21,42487775,15,5,12
21,42487912,5,0,
21,42487916,9,0,
21,42487929,3,0,
21,42488047,7,3,20
21,42488112,74,18,3
21,42488150,21,4,
21,42488270,28,6,15
21,42488509,3,0,
21,42488544,3,1,
21,42488583,23,19,24
21,42488672,4,0,
21,42488863,48,41,8
21,42488955,36,5,
21,42488983,35,14,1
21,42489010,12,11,8
21,42489072,45,8,9
21,42489195,3,0,
22,42421689,196,37,
22,42421824,108,69,
22,42421835,36,34,
22,42422077,254,154,
22,42422113,27,4,
22,42422138,38,7,
22,42422548,41,7,
22,42422703,81,18,
22,42422942,166,17,
22,42423253,286,66,
22,42423282,49,27,
22,42423409,728,192,
22,42423742,74,20,
22,42423753,40,11,
22,42423880,19,2,
22,42423988,117,48,
22,42424370,207,62,
22,42424508,268,89,
22,42424879,119,31,
22,42424904,240,71,
22,42425000,17,2,
22,42425038,127,83,
22,42425139,162,45,
22,42425268,52,25,
22,42425339,313,144,
22,42425398,382,438,
22,42425489,47,8,
22,42425770,237,100,
22,42426284,713,102,
22,42426337,93,39,
22,42426412,29,13,
22,42426589,283,94,
22,42427132,326,733,
22,42427169,193,72,
22,42427428,85,66,
22,42427812,8,0,
22,42427826,97,49,
22,42427888,843,262,
22,42427916,143,65,
22,42428162,118,115,
22,42428179,172,72,
22,42428256,98,90,
22,42428290,159,216,
22,42428332,35,11,
22,42428722,95,13,
22,42428838,60,30,
22,42429045,212,363,
22,42429197,252,137,
22,42429600,48,22,
22,42429606,413,206,
22,42429646,62,114,
22,42429672,116,27,
22,42430024,109,27,
22,42430080,81,38,
22,42430109,37,10,
22,42430184,206,176,
22,42430265,93,26,
22,42430296,37,34,
22,42430317,94,105,
22,42430450,685,574,
22,42430804,53,7,
22,42431046,135,66,
22,42431090,347,394,
22,42431103,527,989,
22,42431186,305,112,
22,42431299,16,3,
22,42431361,109,73,
22,42432004,182,71,
22,42432151,559,326,
22,42432374,247,147,
22,42432494,112,203,
22,42432631,60,29,
22,42432730,353,147,
22,42432736,114,149,
22,42432867,354,129,
22,42432914,584,327,
22,42432979,97,16,
22,42433044,792,544,
22,42433152,63,80,
22,42433199,175,65,
22,42433205,187,249,
22,42433404,58,18,
22,42433609,102,54,
22,42433734,38,30,
22,42433807,29,5,
22,42434331,70,13,
22,42434440,45,8,
22,42434769,145,9,
22,42434947,287,212,
22,42435099,169,7,
22,42435127,87,26,
22,42435254,15,4,
22,42435267,51,12,
22,42435282,36,9,
22,42435531,7,1,
22,42435620,180,137,
22,42435688,23,3,
22,42435972,562,299,
22,42436097,122,127,
22,42436440,199,52,
22,42436556,8,6,
22,42436570,88,85,
22,42436589,45,2,
22,42436783,191,54,
22,42437070,77,18,
22,42437201,165,109,
22,42437400,44,21,
22,42437697,76,37,
22,42437828,53,5,
22,42437974,9,2,
22,42438063,134,86,
22,42438175,371,419,
22,42438449,148,22,
22,42438767,298,46,
22,42438918,97,14,
22,42438966,26,5,
22,42439143,28,2,
22,42439456,32,22,
22,42439582,16,2,
22,42439897,13,1,
22,42439956,318,121,
22,42440016,185,31,
22,42440121,59,3,
22,42440185,66,24,
22,42440496,172,27,
22,42440767,190,70,
22,42440886,541,267,
22,42440922,201,108,
22,42440930,21,2,
22,42441258,215,61,
22,42441333,724,263,
22,42441502,272,321,
22,42441609,149,159,
22,42441772,121,44,
22,42442054,19,0,
22,42442104,11,1,
22,42442354,405,78,
22,42442812,197,48,
22,42442820,11,0,
22,42442852,125,81,
22,42443022,122,44,
22,42443210,48,11,
22,42443229,3102,250,
22,42443406,163,197,
22,42443737,27,14,
22,42443870,104,27,
22,42443987,109,104,
22,42444083,31,4,
22,42444535,22,1,
22,42444718,29,53,
22,42444817,166,360,
22,42444820,56,7,
22,42444821,30,4,
22,42444830,34,16,
22,42444856,109,8,
22,42444924,37,9,
22,42445037,648,661,
22,42445102,69,24,
22,42445239,110,24,
22,42445328,73,94,
22,42445508,183,46,
22,42445636,38,1,
22,42445834,174,138,
22,42446686,357,579,
22,42446846,269,62,
22,42446889,132,66,
22,42446980,11,12,
22,42447012,141,57,
22,42447053,225,49,
22,42447059,94,25,
22,42447071,290,151,
22,42447248,12,0,
22,42447332,20,5,
22,42447580,86,10,
22,42447628,55,6,
22,42447762,166,255,
22,42448184,160,23,
22,42448193,91,28,
22,42448639,24,3,
22,42448654,14,5,
22,42448913,169,42,
22,42448939,270,289,
22,42449026,12,1,
22,42449102,43,47,
22,42449363,75,7,
22,42449424,244,116,
22,42449497,338,64,
22,42449588,157,91,
22,42449602,290,306,
22,42449647,59,31,
22,42449817,56,18,
22,42449823,58,7,
22,42449915,32,48,
22,42449951,80,19,
22,42450051,33,15,
22,42450213,66,116,
22,42450221,343,352,
22,42450223,64,2,
22,42450227,168,47,
22,42450232,101,9,
22,42450274,42,24,
22,42450389,41,38,
22,42450413,451,1338,
22,42450487,22,12,
22,42450811,11,9,
22,42450913,59,16,
22,42450950,244,129,
22,42450963,83,79,
22,42450969,11,1,
22,42451010,44,3,
22,42451130,172,240,
22,42451135,341,388,21
22,42451327,128,126,12
22,42451409,61,14,
22,42451447,12,2,
22,42451640,24,7,
22,42451707,164,75,
22,42451968,234,155,
22,42452285,63,44,
22,42452344,10,2,
22,42452358,99,26,
22,42452527,47,91,
22,42452640,205,225,28
22,42453031,8,0,
22,42453207,681,557,
22,42453341,537,376,
22,42453431,97,18,
22,42453650,55,15,
22,42453660,360,316,
22,42453743,55,50,
22,42453939,170,43,
22,42453996,9,0,
22,42454132,14,0,
22,42454139,44,29,
22,42454359,676,258,
22,42454405,329,305,
22,42454411,7,0,
22,42454421,5,0,
22,42454454,73,11,
22,42454481,7,0,
22,42454586,206,65,
22,42454723,67,56,
22,42454929,400,330,
22,42454934,92,64,
22,42454994,30,20,
22,42455051,23,6,
22,42455214,19,12,
22,42455809,25,4,
22,42455992,54,35,
22,42456048,28,12,
22,42456071,12,0,
22,42456109,7,0,
22,42456310,192,163,
22,42456339,6,1,
22,42456397,24,59,
22,42456417,71,12,
22,42456492,212,118,
22,42456574,23,10,
22,42456585,165,78,
22,42456707,59,2,
22,42456715,100,26,
22,42456802,70,2,30
22,42456998,45,24,
22,42457055,56,20,
22,42457178,142,140,
22,42457182,152,130,
22,42457186,10,1,
22,42457213,215,51,
22,42457282,13,9,
22,42457321,207,51,
22,42457342,11,11,
22,42457383,38,17,
22,42457387,12,1,
22,42457436,129,135,
22,42457515,136,101,
22,42457539,4,0,
22,42457673,5,4,
22,42457712,150,30,
22,42457782,157,23,
22,42457787,16,6,
22,42457816,177,37,
22,42457820,59,10,
22,42458066,12,12,
22,42458429,69,40,
22,42458431,414,524,
22,42458599,166,105,
22,42458752,299,353,
22,42458861,12,0,
22,42460107,16,3,
22,42460131,42,26,
22,42460132,85,78,
22,42460217,93,60,
22,42460494,80,5,
22,42460748,33,7,
22,42461258,14,0,
22,42461260,3,0,
22,42461264,201,193,
22,42461512,4,0,
22,42461530,563,374,
22,42461688,583,179,
22,42461860,106,9,
22,42461964,97,55,
22,42462078,111,45,
22,42462189,10,6,
22,42462348,77,37,
22,42462354,109,16,
22,42462804,3,0,
22,42462863,23,10,
22,42462904,24,1,7
22,42463123,436,84,
22,42463295,111,116,
22,42463315,343,74,
22,42463525,138,79,
22,42463943,19,3,
22,42464033,7,3,
22,42464138,95,104,
22,42464185,15,22,
22,42464310,218,84,
22,42464557,198,57,
22,42464559,39,0,
22,42464679,138,265,
22,42464850,43,24,
22,42464966,157,163,
22,42465109,85,26,
22,42465168,3,0,
22,42465378,214,96,
22,42465535,265,204,
22,42465610,68,65,
22,42465907,20,17,20
22,42466507,42,2,
22,42466676,389,119,
22,42467194,890,273,
22,42467233,8,2,
22,42467236,57,53,
22,42467250,15,1,
22,42467308,55,62,
22,42467375,305,254,
22,42467449,68,33,
22,42467937,144,63,
22,42468111,46,9,
22,42468214,356,33,
22,42468318,513,100,
22,42468402,135,178,18
22,42468554,55,46,
22,42468594,56,31,
22,42468664,29,17,
22,42469074,535,117,
22,42469284,20,9,17
22,42469560,62,12,
22,42469945,5,0,
22,42469964,7,1,
22,42470001,42,36,
22,42470040,203,122,
22,42470202,164,141,
22,42470238,32,6,
22,42470541,630,115,
22,42470700,19,1,
22,42471861,68,25,
22,42471913,299,66,
22,42471927,154,61,
22,42471933,55,5,
22,42472247,189,333,
22,42472384,64,30,
22,42472473,10,0,
22,42472519,125,25,
22,42472828,44,24,
22,42473032,524,285,
22,42473321,1654,1687,
22,42473834,40,6,
22,42474004,6,0,
22,42474458,76,19,
22,42474943,7,1,
22,42475011,114,55,
22,42475228,206,126,
22,42475526,62,31,
22,42475703,238,34,
22,42475798,108,35,
22,42476185,11,2,
22,42476192,283,145,
22,42476209,40,6,
22,42476240,7,2,
22,42476828,541,194,
22,42476876,132,42,
22,42476906,5,0,
22,42477226,5,0,
22,42477463,7,0,
22,42477534,31,3,
22,42477564,48,42,
22,42477843,139,54,
22,42477882,16,2,
22,42478000,23,20,29
22,42478654,24,22,
22,42478728,100,49,
22,42478897,28,67,
22,42478911,143,47,
22,42478962,49,36,
22,42479014,7,0,
22,42479103,49,52,18
22,42479133,8,0,
22,42479233,458,172,
22,42479510,13,7,
22,42479866,179,38,
22,42480035,8,0,
22,42480083,7,5,
22,42480105,352,189,
22,42480184,18,0,
22,42480617,15,3,
22,42480624,203,125,
22,42480706,41,37,
22,42480885,31,13,
22,42481206,431,52,23
22,42481249,120,46,
22,42481295,6,0,
22,42481385,44,6,
22,42481612,151,63,
22,42481659,115,45,
22,42481668,90,40,
22,42481813,128,31,
22,42481816,12,5,
22,42481900,7,3,
22,42481982,32,13,
22,42482289,35,7,
22,42482509,21,7,
22,42482635,16,6,
22,42482684,31,12,
22,42482708,23,4,
22,42482829,237,100,
22,42482841,13,6,
22,42483031,27,3,
22,42483037,12,3,
22,42483175,46,2,
22,42483239,14,3,
22,42483304,15,9,
22,42483310,7,3,
22,42483328,70,92,
22,42483500,82,23,
22,42483522,11,1,
22,42483543,44,15,
22,42483871,25,1,
22,42483895,353,111,
22,42483997,5,0,
22,42484109,7,0,
22,42484139,174,76,25
22,42484527,161,38,13
22,42484538,17,1,
22,42484632,14,3,
22,42484724,5,1,
22,42484790,12,5,23
22,42484911,103,33,15
22,42485088,68,36,6
22,42485124,715,392,13
22,42485160,74,85,
22,42485365,6,0,
22,42485498,8,0,
22,42485499,48,33,
22,42485536,7,0,
22,42485562,54,67,20
22,42485647,45,54,
22,42485689,144,32,3
22,42485795,220,77,2
22,42485797,29,6,11
22,42485818,3,0,
22,42485938,116,170,5
22,42486011,12,2,
22,42486070,25,34,
22,42486146,3,3,
22,42486610,127,11,4
22,42486682,4,4,
22,42486785,8,0,
22,42486839,19,8,
22,42486923,7,3,
22,42487156,11,10,
22,42487269,48,0,
22,42487301,136,34,16
22,42487321,13,1,
22,42487362,8,0,
22,42487427,4,0,
22,42487472,5,1,
22,42487645,10,1,
22,42487670,19,0,12
22,42487674,7,2,
22,42487677,40,12,
22,42487721,5,0,
22,42487746,40,60,
22,42487775,22,8,8
22,42487912,5,0,
22,42487916,9,0,
22,42487929,6,0,13
22,42488047,11,5,26
22,42488112,92,26,2
22,42488150,25,6,
22,42488263,8,3,15
22,42488270,34,6,10
22,42488305,5,0,
22,42488509,4,0,
22,42488544,3,1,
22,42488583,25,32,
22,42488620,3,0,
22,42488672,4,0,
22,42488853,6,0,16
22,42488863,55,61,
22,42488955,41,6,
22,42488983,74,26,1
22,42489010,14,19,
22,42489072,86,40,4
22,42489080,12,1,
22,42489146,3,0,
22,42489195,4,0,
22,42489267,16,2,9
22,42489271,4,0,
23,42421689,196,37,
23,42421824,108,69,
23,42421835,36,34,
23,42422077,254,154,
23,42422113,27,4,
23,42422138,38,7,
23,42422548,41,7,
23,42422703,81,18,
23,42422942,166,17,
23,42423253,286,66,
23,42423282,49,27,
23,42423409,728,192,
23,42423753,40,11,
23,42423880,19,2,
23,42423988,117,48,
23,42424370,207,62,
23,42424508,268,89,
23,42424879,119,31,
23,42424904,240,71,
23,42425000,17,2,
23,42425038,127,83,
23,42425139,162,45,
23,42425268,52,25,
23,42425339,313,144,
23,42425398,382,438,
23,42425489,47,8,
23,42425770,237,100,
23,42426284,713,102,
23,42426337,93,39,
23,42426412,29,13,
23,42426589,283,94,
23,42427132,326,733,
23,42427169,193,72,
23,42427428,85,66,
23,42427812,8,0,
23,42427826,97,49,
23,42427888,843,262,
23,42427916,143,65,
23,42428162,118,115,
23,42428179,172,72,
23,42428256,98,90,
23,42428290,159,216,
23,42428332,35,11,
23,42428722,95,13,
23,42429045,212,363,
23,42429197,252,137,
23,42429600,48,22,
23,42429606,414,206,
23,42429646,62,114,
23,42429672,116,27,
23,42430024,109,27,
23,42430080,81,38,
23,42430109,37,10,
23,42430184,206,176,
23,42430265,93,26,
23,42430296,37,34,
23,42430317,94,105,
23,42430450,685,575,
23,42430804,53,7,
23,42431046,135,66,
23,42431090,347,394,
23,42431103,527,989,
23,42431186,305,112,
23,42431299,16,3,
23,42431361,109,73,
23,42432004,182,71,
23,42432151,559,326,
23,42432374,247,147,
23,42432494,112,203,
23,42432631,60,29,
23,42432730,353,147,
23,42432736,114,149,
23,42432867,355,129,
23,42432914,584,327,
23,42432979,97,16,
23,42433044,792,544,
23,42433152,63,80,
23,42433199,175,65,
23,42433205,187,249,
23,42433404,58,18,
23,42433609,102,54,
23,42433734,39,30,
23,42433807,29,5,
23,42434331,70,13,
23,42434440,45,8,
23,42434769,145,9,
23,42434947,287,212,
23,42435099,169,7,
23,42435127,87,26,
23,42435267,51,12,
23,42435282,36,9,
23,42435531,7,1,
23,42435620,180,137,
23,42435688,23,3,
23,42435972,562,300,
23,42436097,123,127,
23,42436440,199,52,
23,42436556,8,6,
23,42436570,88,85,
23,42436589,45,2,
23,42436783,191,54,
23,42437070,77,18,
23,42437201,165,109,
23,42437400,44,21,
23,42437697,76,37,
23,42437828,53,5,
23,42437974,9,2,
23,42438063,135,86,
23,42438175,371,419,
23,42438449,148,22,
23,42438767,298,46,
23,42438918,97,14,
23,42438966,26,5,
23,42439143,28,2,
23,42439456,32,22,
23,42439582,16,2,
23,42439897,13,1,
23,42439956,318,121,
23,42440016,185,31,
23,42440121,59,3,
23,42440185,66,24,
23,42440496,172,27,
23,42440767,190,70,
23,42440886,541,267,
23,42440922,201,108,
23,42440930,21,2,
23,42441258,215,61,
23,42441333,724,263,
23,42441502,272,321,
23,42441609,149,159,
23,42441772,122,44,
23,42442054,19,0,
23,42442104,11,1,
23,42442354,405,78,
23,42442812,197,48,
23,42442820,11,0,
23,42442852,125,81,
23,42443022,122,44,
23,42443210,48,11,
23,42443229,3102,250,
23,42443406,163,197,
23,42443737,27,14,
23,42443870,104,27,
23,42443987,109,104,
23,42444083,31,4,
23,42444535,22,1,
23,42444718,29,53,
23,42444817,166,360,
23,42444820,56,7,
23,42444821,30,4,
23,42444830,34,16,
23,42444856,109,8,
23,42444924,37,9,
23,42445037,648,661,
23,42445102,69,25,
23,42445239,110,24,
23,42445328,73,94,
23,42445508,183,46,
23,42445636,38,1,
23,42445834,174,138,
23,42446686,358,579,
23,42446846,269,62,
23,42446889,132,66,
23,42446980,11,12,
23,42447012,141,57,
23,42447053,225,49,
23,42447059,94,25,
23,42447071,290,151,
23,42447248,12,0,
23,42447332,20,5,
23,42447580,86,10,
23,42447628,55,6,
23,42447762,166,255,
23,42448184,160,23,
23,42448193,91,28,
23,42448639,24,3,
23,42448654,14,5,
23,42448913,169,42,
23,42448939,270,289,
23,42449026,12,1,
23,42449102,43,47,
23,42449363,75,7,
23,42449424,244,116,
23,42449497,338,64,
23,42449588,157,91,
23,42449602,290,306,
23,42449647,59,31,
23,42449817,57,18,
23,42449823,58,7,
23,42449915,32,48,
23,42449951,80,19,
23,42450051,33,15,
23,42450213,66,116,
23,42450221,343,352,
23,42450223,64,2,
23,42450227,168,47,
23,42450232,102,9,
23,42450274,42,24,
23,42450389,41,38,
23,42450413,451,1338,
23,42450487,22,12,
23,42450811,11,9,
23,42450913,60,16,
23,42450950,244,129,
23,42450963,83,79,
23,42450969,11,1,
23,42451010,44,3,
23,42451130,172,240,
23,42451135,343,392,
23,42451327,135,133,15
23,42451409,61,14,
23,42451447,12,2,
23,42451640,24,7,
23,42451707,164,75,
23,42451968,235,159,
23,42452285,63,44,
23,42452344,10,2,
23,42452358,99,26,
23,42452527,47,91,
23,42452640,209,229,
23,42453031,8,0,
23,42453207,682,557,
23,42453341,537,376,
23,42453431,97,18,
23,42453650,55,15,
23,42453660,360,316,
23,42453743,55,50,
23,42453939,170,43,
23,42453996,9,0,
23,42454132,14,0,
23,42454139,44,29,
23,42454359,676,258,
23,42454405,329,305,
23,42454411,7,0,
23,42454454,73,11,
23,42454481,7,0,
23,42454586,206,65,
23,42454723,67,56,
23,42454929,400,330,
23,42454934,92,64,
23,42454994,30,20,
23,42455051,24,6,
23,42455214,19,12,
23,42455809,25,4,
23,42455992,54,35,
23,42456048,28,12,
23,42456071,12,0,
23,42456109,7,0,
23,42456310,192,163,
23,42456397,24,59,
23,42456417,72,12,
23,42456492,215,120,
23,42456574,23,10,
23,42456585,165,79,
23,42456707,59,2,
23,42456715,100,26,
23,42456802,71,2,30
23,42456998,45,24,
23,42457055,56,20,
23,42457178,142,140,
23,42457182,152,130,
23,42457186,10,1,
23,42457213,217,51,
23,42457282,13,9,
23,42457321,207,51,
23,42457342,11,11,
23,42457383,38,17,
23,42457387,12,1,
23,42457436,129,135,
23,42457515,136,101,
23,42457539,14,0,10
23,42457673,5,4,
23,42457712,150,30,
23,42457782,157,23,
23,42457816,177,37,
23,42457820,59,10,
23,42458066,12,12,
23,42458429,69,40,
23,42458431,414,524,
23,42458599,166,105,
23,42458752,299,353,
23,42458861,12,0,
23,42460107,16,3,
23,42460131,42,26,
23,42460132,85,78,
23,42460217,93,60,
23,42460494,80,5,
23,42460748,33,7,
23,42461258,14,0,
23,42461260,3,0,
23,42461264,201,196,
23,42461512,4,0,
23,42461530,563,374,
23,42461688,583,179,
23,42461860,106,9,
23,42461964,97,55,
23,42462078,112,45,
23,42462189,10,6,
23,42462348,77,37,
23,42462354,109,16,
23,42462804,3,0,
23,42462863,23,10,
23,42462904,31,2,12
23,42463123,436,84,
23,42463295,111,116,
23,42463315,343,74,
23,42463525,138,79,
23,42463943,19,3,
23,42464033,7,3,
23,42464138,95,105,
23,42464185,15,22,
23,42464310,218,84,
23,42464557,198,57,
23,42464559,39,0,
23,42464679,138,265,
23,42464966,157,163,
23,42465109,85,26,
23,42465168,3,0,
23,42465378,214,96,
23,42465535,265,204,
23,42465610,68,65,
23,42465907,25,21,22
23,42466507,42,2,
23,42466676,389,119,
23,42467194,892,274,
23,42467233,8,2,
23,42467236,57,53,
23,42467250,15,1,
23,42467308,55,62,
23,42467375,305,254,
23,42467449,68,33,
23,42467937,145,63,
23,42468111,48,9,
23,42468214,356,33,
23,42468318,513,100,
23,42468402,142,184,18
23,42468554,57,46,
23,42468594,59,31,
23,42468664,29,17,
23,42469074,535,117,
23,42469284,20,9,
23,42469560,62,12,
23,42469945,6,0,
23,42469964,7,1,
23,42470001,42,36,
23,42470040,206,124,
23,42470202,164,141,
23,42470238,32,7,
23,42470541,632,116,
23,42470700,19,1,
23,42471861,68,25,
23,42471913,299,66,
23,42471927,154,61,
23,42471933,55,5,
23,42472247,189,334,
23,42472384,64,30,
23,42472473,10,0,
23,42472519,125,25,
23,42472828,44,24,
23,42473032,524,285,
23,42473321,1656,1687,
23,42473834,40,6,
23,42474004,6,0,
23,42474458,76,19,
23,42474943,7,1,
23,42475011,114,55,
23,42475228,206,126,
23,42475526,62,31,
23,42475703,238,34,
23,42475798,108,35,
23,42476185,11,2,
23,42476192,283,145,
23,42476209,40,6,
23,42476240,7,2,
23,42476828,541,199,
23,42476876,133,42,
23,42476906,5,0,
23,42477226,5,0,
23,42477463,7,0,
23,42477534,32,3,
23,42477564,48,42,
23,42477843,139,54,
23,42477882,18,2,
23,42478000,23,21,
23,42478654,24,22,
23,42478728,101,49,
23,42478897,28,67,
23,42478911,146,49,
23,42478962,49,36,
23,42479014,7,0,
23,42479103,50,52,20
23,42479133,8,0,
23,42479233,458,172,
23,42479510,13,7,
23,42479866,180,38,
23,42480105,354,190,
23,42480184,18,0,
23,42480617,15,3,
23,42480624,203,125,
23,42480706,41,37,
23,42480885,31,13,
23,42481206,434,52,
23,42481249,120,46,
23,42481295,6,0,
23,42481385,44,6,
23,42481612,152,63,
23,42481659,115,45,
23,42481668,90,40,
23,42481813,129,31,
23,42481816,12,5,
23,42481900,7,3,
23,42481982,32,13,
23,42482289,36,7,
23,42482509,21,7,
23,42482635,16,6,
23,42482684,31,12,
23,42482708,23,4,
23,42482829,237,101,
23,42482841,13,6,
23,42483031,27,5,
23,42483037,12,3,
23,42483175,48,2,
23,42483239,14,3,
23,42483304,15,9,
23,42483310,7,3,
23,42483328,70,92,
23,42483500,85,25,
23,42483522,11,1,
23,42483543,45,15,
23,42483871,26,1,
23,42483895,357,115,
23,42483997,5,0,
23,42484109,7,0,
23,42484139,175,78,27
23,42484527,166,39,17
23,42484538,17,1,
23,42484632,14,3,
23,42484724,5,1,
23,42484790,15,7,
23,42484911,110,34,19
23,42485088,84,39,6
23,42485124,732,408,21
23,42485160,74,87,
23,42485365,6,0,
23,42485498,10,0,
23,42485499,57,34,29
23,42485536,8,0,
23,42485562,64,71,20
23,42485647,45,55,
23,42485689,166,39,3
23,42485795,232,80,2
23,42485797,30,6,14
23,42485818,3,0,
23,42485938,160,243,5
23,42486011,12,2,
23,42486070,25,38,
23,42486146,4,3,
23,42486610,157,18,4
23,42486682,4,4,
23,42486785,11,0,
23,42486839,19,8,
23,42486923,7,1,
23,42487156,14,10,
23,42487269,50,0,
23,42487301,147,38,23
23,42487321,13,1,
23,42487362,8,0,
23,42487427,4,0,
23,42487472,5,1,
23,42487670,38,5,10
23,42487674,8,2,
23,42487677,41,12,
23,42487721,5,0,
23,42487746,41,64,
23,42487775,28,13,8
23,42487912,5,0,
23,42487916,9,0,
23,42487929,13,1,12
23,42488112,100,30,28
23,42488150,29,7,
23,42488263,32,11,9
23,42488270,39,6,25
23,42488305,5,0,
23,42488509,6,0,
23,42488544,4,1,
23,42488583,26,39,
23,42488620,3,1,
23,42488672,5,0,
23,42488853,13,0,11
23,42488863,60,64,
23,42488983,101,34,1
23,42489010,14,22,
23,42489072,96,41,
23,42489080,30,18,28
23,42489146,3,1,
23,42489195,5,0,
23,42489267,39,15,7
23,42489271,6,1,
23,42489818,6,0,
23,42489837,6,0,
23,42489844,32,9,3
23,42489944,7,2,5
23,42489978,8,0,
